The time it takes to compute per each caseis 0.1507 secs
The data is average of running the code 20 many times.
Planning Horizon is: 100
Leading Time is: 5
Discount Rate is: 1
Initial Inventory is: 0
This is a integer typed problem or not: 1
The Algorithm is: 3
The Distribution Type is: 2
The Distribution Parameters are:         10       0.5        30
Total Cost is: 8.738e+04
Total Demand is: 2.817e+04
Total Order is: 2.817e+04
Total Holding Cost is: 845.5
Total Backlogging Cost is: 2031

Period
0
1
2
3
4
5
6
7
8
9
10
11
12
13
14
15
16
17
18
19
20
21
22
23
24
25
26
27
28
29
30
31
32
33
34
35
36
37
38
39
40
41
42
43
44
45
46
47
48
49
50
51
52
53
54
55
56
57
58
59
60
61
62
63
64
65
66
67
68
69
70
71
72
73
74
75
76
77
78
79
80
81
82
83
84
85
86
87
88
89
90
91
92
93
94
95
96
97
98
99
100


InventoryPosition
0
254.3
278.3
304.9
330.3
359.2
380.5
405.5
433.4
456.1
484
506.6
531.4
554.6
580.4
609.1
630
656.2
681.4
703.3
732
758.9
781
804.9
833.5
854.5
879.4
901.2
927.7
953.1
978.8
1003
1029
1056
1079
1104
1130
1157
1180
1204
1231
1255
1278
1305
1328
1352
1377
1400
1425
1450
1474
1497
1520
1545
1567
1593
1616
1643
1665
1695
1714
1742
1766
1792
1818
1841
1865
1894
1921
1947
1975
2001
2028
2053
2077
2102
2127
2150
2177
2201
2227
2249
2275
2297
2320
2347
2373
2400
2424
2452
2477
2501
2524
2550
2570
2582
2075
1563
1047
524.2
-2.9


NetInventory
0
34.85
75
120.3
171.2
226.5
9.8
11.7
12.55
15.3
11.85
12.7
12.55
13.45
14.05
12.3
12.2
12
10.5
12.3
10.3
9.2
11.5
10.55
9.3
10.15
12.35
10.6
11.85
12.85
12.95
12.5
11.3
11.25
10.8
12.6
13.7
14.75
11.9
7.3
7.6
7.75
11.6
15.25
14.7
15.1
13.5
12.6
14.65
17.55
16.3
16.4
15.65
16.45
16.55
15.65
14.75
15.15
14.9
15.55
17.75
13
12.4
10.05
10.95
10.85
12.1
12.9
12.8
12.8
12.95
11.85
9.3
12.35
12.45
13.3
14.4
11.25
11.95
10.95
10.85
12.65
10.7
13.1
12.55
16
16.25
14.75
13.05
8.85
12.65
14.95
16.85
15.7
17.1
17.25
15.6
17.35
16.8
13.45
11.5


Cost
0
937
342.6
456.5
571.4
705.7
258.6
289.6
313.2
317.4
339.7
341.5
362.1
373
398.9
416.4
410.1
440.5
449.6
459
490.8
499.1
502.2
523
549.6
539.9
567.5
572.4
603.5
615.6
632.7
642.4
666.9
681.1
684.3
708.2
728.3
749
743.8
758.1
781.8
786.6
803.5
835.5
837
853.8
867.8
876.9
901.2
918.5
930.3
938.9
952.6
971.4
979.5
1006
1010
1037
1040
1076
1064
1099
1100
1117
1133
1141
1162
1198
1205
1218
1243
1255
1264
1277
1291
1306
1323
1328
1353
1360
1380
1383
1407
1412
1430
1460
1480
1492
1498
1523
1533
1543
1561
1579
1572
1558
16.7
19.05
16.95
14.55
18.7


Demand
0
34.85
40.15
45.35
50.9
55.3
60.35
65.8
70.5
75.85
80.45
85.4
90.15
95.35
100.9
105.2
110.4
115.3
120
125.6
130.8
135.3
140.2
145.8
150.1
154.9
159.4
164.7
169.8
174.9
179.8
185
190.3
195
200.1
205.2
210.5
215.2
220.1
225.4
230.2
234.9
240.1
244.8
249.5
254.4
259.1
264.1
269.1
274
278.6
283.2
288
292.6
297.8
302.4
307.7
312.3
318
322.1
327.6
332.4
337.5
342.7
347.3
352.2
358.1
363.5
368.7
374.2
379.5
384.7
389.6
394.5
399.5
404.5
409.3
414.5
419.4
424.5
428.9
434.1
438.5
443.3
448.6
453.9
459.2
464
469.6
474.6
479.2
484
489.1
493.1
497.1
501.5
506.6
512
516.7
522.4
527.1


Ordering
0
289.1
64.2
71.95
76.3
84.2
81.65
90.8
98.45
98.55
108.4
107.9
115
118.6
126.6
133.9
131.3
141.6
145.1
147.5
159.6
162.2
162.4
169.6
178.7
175.8
184.4
186.5
196.3
200.4
205.4
208.8
216.9
221.8
223.2
230.3
236.2
242.8
242.8
249.5
257.2
259
263.2
271.7
272.4
278.3
283.8
287
294.5
298.6
303.2
306.1
310.9
317
319.8
329.1
330.6
339.4
340.2
351.7
346.8
360.6
361.4
367.9
373.6
375.1
382
393.4
395.6
399.9
407.3
411.3
416.2
419.2
423.9
429.1
434.6
438.1
445.8
448.7
455.4
455.5
464.6
465.3
471.8
480.2
486
490.9
493.1
503
504.6
507.2
512.6
519.3
517.2
512.9
0
0
0
0
0


HoldingCost
0
0
0
0
0
0
6
6.15
7.3
8.9
9.05
7.6
7.85
9.85
9
9.7
8.4
8.1
6.7
8.1
8.6
6.05
7.85
7.05
5.15
7.9
10.4
8.35
8.9
11.3
9.4
8.85
6.35
6.95
6.9
7.9
7.55
8.95
8.4
5
5.2
5.9
9.15
10
9.7
11.3
10.45
9.5
11.8
12.5
11.75
12.1
11.25
12.65
13.15
13.05
11.75
11.2
10.6
9.8
11.65
8.35
9
6.6
9.25
6.45
8.3
7.65
7.2
6.9
4.8
2.9
3.5
5.55
5.8
7.6
9.15
8.4
8.65
7.85
7.9
9.05
7.85
10.3
10.1
12.55
10.8
10.35
7.35
3.85
6.25
8.4
10.3
9.75
13.4
15
14.5
15.65
16.65
12.35
4.3


BackloggingCost
0
69.7
150
240.7
342.5
453.1
7.6
11.1
10.5
12.8
5.6
10.2
9.4
7.2
10.1
5.2
7.6
7.8
7.6
8.4
3.4
6.3
7.3
7
8.3
4.5
3.9
4.5
5.9
3.1
7.1
7.3
9.9
8.6
7.8
9.4
12.3
11.6
7
4.6
4.8
3.7
4.9
10.5
10
7.6
6.1
6.2
5.7
10.1
9.1
8.6
8.8
7.6
6.8
5.2
6
7.9
8.6
11.5
12.2
9.3
6.8
6.9
3.4
8.8
7.6
10.5
11.2
11.8
16.3
17.9
11.6
13.6
13.3
11.4
10.5
5.7
6.6
6.2
5.9
7.2
5.7
5.6
4.9
6.9
10.9
8.8
11.4
10
12.8
13.1
13.1
11.9
7.4
4.5
2.2
3.4
0.3
2.2
14.4


AccumulativeCost
0
937
1280
1736
2308
3013
3272
3561
3875
4192
4532
4873
5235
5608
6007
6424
6834
7274
7724
8183
8674
9173
9675
1.02e+04
1.075e+04
1.129e+04
1.185e+04
1.243e+04
1.303e+04
1.365e+04
1.428e+04
1.492e+04
1.559e+04
1.627e+04
1.695e+04
1.766e+04
1.839e+04
1.914e+04
1.988e+04
2.064e+04
2.142e+04
2.221e+04
2.301e+04
2.385e+04
2.469e+04
2.554e+04
2.641e+04
2.728e+04
2.819e+04
2.91e+04
3.003e+04
3.097e+04
3.193e+04
3.29e+04
3.388e+04
3.488e+04
3.589e+04
3.693e+04
3.797e+04
3.904e+04
4.011e+04
4.121e+04
4.231e+04
4.343e+04
4.456e+04
4.57e+04
4.686e+04
4.806e+04
4.927e+04
5.048e+04
5.173e+04
5.298e+04
5.424e+04
5.552e+04
5.681e+04
5.812e+04
5.944e+04
6.077e+04
6.212e+04
6.348e+04
6.486e+04
6.625e+04
6.765e+04
6.906e+04
7.05e+04
7.196e+04
7.344e+04
7.493e+04
7.643e+04
7.795e+04
7.948e+04
8.102e+04
8.259e+04
8.416e+04
8.574e+04
8.73e+04
8.731e+04
8.733e+04
8.735e+04
8.736e+04
8.738e+04


AccumulativeDemand
0
34.85
75
120.3
171.2
226.5
286.9
352.7
423.2
499.1
579.5
664.9
755.1
850.4
951.2
1056
1167
1282
1402
1528
1659
1794
1934
2080
2230
2385
2544
2709
2879
3054
3234
3419
3609
3804
4004
4209
4420
4635
4855
5080
5311
5545
5786
6030
6280
6534
6793
7058
7327
7601
7879
8162
8450
8743
9041
9343
9651
9963
1.028e+04
1.06e+04
1.093e+04
1.126e+04
1.16e+04
1.194e+04
1.229e+04
1.264e+04
1.3e+04
1.336e+04
1.373e+04
1.411e+04
1.449e+04
1.487e+04
1.526e+04
1.566e+04
1.606e+04
1.646e+04
1.687e+04
1.728e+04
1.77e+04
1.813e+04
1.856e+04
1.899e+04
1.943e+04
1.987e+04
2.032e+04
2.077e+04
2.123e+04
2.17e+04
2.217e+04
2.264e+04
2.312e+04
2.361e+04
2.409e+04
2.459e+04
2.508e+04
2.559e+04
2.609e+04
2.66e+04
2.712e+04
2.764e+04
2.817e+04


AccumulativeOrdering
0
289.1
353.3
425.2
501.6
585.8
667.4
758.2
856.7
955.2
1064
1171
1286
1405
1532
1666
1797
1938
2084
2231
2391
2553
2715
2885
3064
3239
3424
3610
3807
4007
4212
4421
4638
4860
5083
5313
5550
5792
6035
6285
6542
6801
7064
7336
7608
7886
8170
8457
8752
9050
9354
9660
9970
1.029e+04
1.061e+04
1.094e+04
1.127e+04
1.161e+04
1.195e+04
1.23e+04
1.265e+04
1.301e+04
1.337e+04
1.374e+04
1.411e+04
1.448e+04
1.487e+04
1.526e+04
1.565e+04
1.605e+04
1.646e+04
1.687e+04
1.729e+04
1.771e+04
1.813e+04
1.856e+04
1.9e+04
1.943e+04
1.988e+04
2.033e+04
2.078e+04
2.124e+04
2.17e+04
2.217e+04
2.264e+04
2.312e+04
2.361e+04
2.41e+04
2.459e+04
2.509e+04
2.56e+04
2.611e+04
2.662e+04
2.714e+04
2.766e+04
2.817e+04
2.817e+04
2.817e+04
2.817e+04
2.817e+04
2.817e+04


AccumulativeHolding Cost
0
0
0
0
0
0
6
12.15
19.45
28.35
37.4
45
52.85
62.7
71.7
81.4
89.8
97.9
104.6
112.7
121.3
127.4
135.2
142.2
147.4
155.3
165.7
174
183
194.2
203.6
212.5
218.8
225.8
232.7
240.6
248.1
257.1
265.5
270.5
275.7
281.6
290.8
300.8
310.4
321.7
332.2
341.7
353.5
366
377.8
389.8
401.1
413.7
426.9
439.9
451.7
462.9
473.5
483.3
494.9
503.3
512.3
518.9
528.1
534.6
542.9
550.6
557.8
564.7
569.5
572.4
575.9
581.4
587.2
594.8
604
612.4
621
628.9
636.8
645.8
653.6
664
674
686.6
697.4
707.7
715.1
718.9
725.2
733.6
743.9
753.6
767
782
796.5
812.2
828.8
841.2
845.5


AccumulativeBacklogging Cost
0
69.7
219.7
460.4
802.9
1256
1264
1275
1285
1298
1304
1314
1323
1330
1340
1346
1353
1361
1369
1377
1380
1387
1394
1401
1409
1414
1418
1422
1428
1431
1438
1446
1456
1464
1472
1481
1494
1505
1512
1517
1522
1525
1530
1541
1551
1558
1564
1571
1576
1586
1596
1604
1613
1621
1627
1633
1639
1646
1655
1667
1679
1688
1695
1702
1705
1714
1722
1732
1743
1755
1771
1789
1801
1814
1828
1839
1850
1855
1862
1868
1874
1881
1887
1893
1897
1904
1915
1924
1936
1946
1958
1971
1984
1996
2004
2008
2010
2014
2014
2016
2031


