The time it takes to compute per each caseis 0.1487 secs
The data is average of running the code 20 many times.
Planning Horizon is: 100
Leading Time is: 5
Discount Rate is: 1
Initial Inventory is: 0
This is a integer typed problem or not: 0
The Algorithm is: 3
The Distribution Type is: 4
The Distribution Parameters are:          5     1.581        30
Total Cost is: 8.859e+04
Total Demand is: 2.86e+04
Total Order is: 2.859e+04
Total Holding Cost is: 699.7
Total Backlogging Cost is: 2110

Period
0
1
2
3
4
5
6
7
8
9
10
11
12
13
14
15
16
17
18
19
20
21
22
23
24
25
26
27
28
29
30
31
32
33
34
35
36
37
38
39
40
41
42
43
44
45
46
47
48
49
50
51
52
53
54
55
56
57
58
59
60
61
62
63
64
65
66
67
68
69
70
71
72
73
74
75
76
77
78
79
80
81
82
83
84
85
86
87
88
89
90
91
92
93
94
95
96
97
98
99
100


InventoryPosition
0
254.8
276.6
299.1
323.8
349.6
373.5
397.1
423.6
449.6
480.7
504
531.2
551.9
579.7
605.7
632.7
660
686.6
710.2
735.2
765.2
791.6
817.6
843.3
868.6
893.5
917.7
943.5
968.6
991.5
1017
1045
1075
1098
1126
1149
1176
1202
1224
1253
1276
1302
1326
1351
1377
1401
1429
1450
1476
1502
1525
1551
1576
1600
1626
1650
1677
1700
1724
1750
1779
1804
1829
1854
1878
1901
1928
1951
1974
2002
2022
2046
2073
2095
2122
2148
2175
2203
2227
2254
2277
2304
2326
2348
2376
2403
2432
2456
2481
2506
2532
2557
2582
2604
2623
2107
1586
1061
530.7
-4.557


NetInventory
0
34.39
73.37
117.3
166.4
220.2
12.49
10.36
9.521
7.461
9.452
9.097
11.74
9.823
10.49
11.29
12.77
11.87
8.934
13.23
12.2
13.08
12.87
13.49
13.27
9.985
9.053
9.225
9.829
11.18
9.704
11.47
12.06
13.85
11.89
11.83
9.148
10.08
12.36
9.183
10.24
10.48
10.59
13.7
12.62
12.96
13.25
12.96
12.7
11.4
12.38
9.549
11.9
12.08
15.81
15.23
14.42
16.71
15.45
14.41
11.44
12.4
12.07
11.36
11.01
11.13
10.73
15.32
12.37
14.59
17.49
13.61
15.18
14.64
13.34
11.6
11.35
10.16
9.678
10.25
12.49
13.17
12.73
13.46
10.54
13.54
14.8
15.55
12.84
9.964
12.13
12.43
13.39
13.99
10.6
8.031
11.43
12.75
11.7
12.61
12.29


Cost
0
936.3
329.1
433.9
553.9
679.4
261.1
274.6
299.5
313.6
346.2
339.8
369.4
363
400.8
410
432.9
448
458.5
470.5
491.2
522.8
526.5
542
557.1
566.2
575.9
588.7
608.8
622.5
628.5
655.3
683.8
704.7
699.6
731.1
729
753
767.7
770.1
803.6
800.8
827.5
837.8
858.1
871.9
884.4
908
904.2
930.2
949.1
948.1
976
988.7
1005
1027
1037
1059
1063
1080
1099
1124
1124
1141
1155
1167
1176
1210
1207
1224
1258
1245
1270
1295
1292
1321
1336
1353
1372
1380
1404
1407
1433
1429
1442
1482
1496
1518
1520
1533
1551
1567
1578
1596
1597
1597
14.91
17.35
15.36
18.02
20.71


Demand
0
34.39
38.97
43.94
49.04
53.82
58.64
63.95
69.28
75.26
80.03
85.29
89.65
95.16
100.4
105.8
111.2
116.4
121.2
126.4
132.3
137.5
142.7
147.8
152.9
157.8
162.7
167.9
172.8
177.5
182.6
188.3
194
198.8
204.3
209.1
214.3
219.5
224.1
229.7
234.4
239.6
244.4
249.5
254.6
259.4
264.8
269.2
274.3
279.6
284.2
289.4
294.4
299.1
304.3
309.3
314.5
319.2
324
329.4
335
339.9
344.9
349.9
354.7
359.4
364.7
369.4
374
379.4
383.6
388.4
393.8
398.2
403.6
408.8
414.2
419.7
424.7
430
434.6
439.9
444.2
448.8
454.5
459.9
465.5
470.4
475.4
480.5
485.6
490.5
495.5
500.1
505.4
510.8
515.7
521
524.9
530.3
535.2


Ordering
0
289.2
60.79
66.42
73.73
79.67
82.5
87.55
95.79
101.3
111.1
108.6
116.9
115.8
128.2
131.8
138.2
143.8
147.8
150
157.3
167.5
169
173.9
178.6
183.2
187.6
192
198.6
202.7
205.5
213.4
222.3
228.4
227.4
237.3
237.8
245.8
250.3
252.2
263.4
262
271.1
273.1
280
285.1
288.7
297
295.7
305.1
311
312
320.5
324.1
327.7
335.6
339.1
345.4
347.5
353.3
361.4
369
369.3
374.9
379.4
383.7
387.7
396.6
397.3
401.7
411.7
409.1
417.3
425.7
425
436.1
440.2
446.1
453
454.6
461.6
462.3
471.6
470.4
476.4
488.6
492
499.1
500.2
505.3
510.7
516.1
520.1
525.8
527.7
528.9
0
0
0
0
0


HoldingCost
0
0
0
0
0
0
11.42
8.774
6.926
5.133
5.953
4.381
4.654
4.013
4.791
7.846
7.304
7.061
2.873
5.93
5.167
5.953
6.366
6.679
5.117
3.206
5.136
5.818
6.662
7.877
7.398
7.944
7.237
8.042
6.252
4.433
2.655
4.55
7.799
5.022
7.014
6.222
6.99
8.936
7.232
9.367
8.124
8.921
8.18
7.758
8.698
6.913
9.418
7.778
10.01
10.58
8.934
10.77
10.17
8.813
7.602
7.643
7.728
6.185
5.303
6.342
8.285
10.56
9.566
10.68
12.15
9.851
12.05
11.32
9.698
10.24
7.565
5.782
6.046
3.865
5.721
6.199
6.932
9.372
7.944
10.3
9.354
10.31
6.427
2.981
5.569
6.476
8.762
9.099
7.362
6.025
7.948
8.15
8.037
7.201
3.864


BackloggingCost
0
68.79
146.7
234.6
332.7
440.4
2.146
3.17
5.191
4.657
6.998
9.432
14.17
11.62
11.39
6.887
10.93
9.61
12.12
14.6
14.06
14.26
13
13.62
16.3
13.56
7.835
6.814
6.335
6.614
4.612
7.046
9.638
11.62
11.28
14.79
12.99
11.05
9.122
8.322
6.452
8.51
7.202
9.535
10.78
7.186
10.26
8.085
9.031
7.292
7.365
5.271
4.968
8.613
11.61
9.297
10.97
11.89
10.56
11.2
7.679
9.516
8.69
10.35
11.41
9.567
4.885
9.511
5.602
7.822
10.67
7.521
6.274
6.644
7.282
2.728
7.561
8.753
7.264
12.78
13.54
13.93
11.59
8.181
5.199
6.488
10.9
10.49
12.83
13.97
13.13
11.92
9.263
9.776
6.483
4.013
6.961
9.199
7.326
10.82
16.84


AccumulativeCost
0
936.3
1265
1699
2253
2933
3194
3468
3768
4081
4428
4767
5137
5500
5901
6311
6743
7191
7650
8120
8612
9134
9661
1.02e+04
1.076e+04
1.133e+04
1.19e+04
1.249e+04
1.31e+04
1.372e+04
1.435e+04
1.501e+04
1.569e+04
1.639e+04
1.709e+04
1.783e+04
1.855e+04
1.931e+04
2.007e+04
2.084e+04
2.165e+04
2.245e+04
2.328e+04
2.411e+04
2.497e+04
2.584e+04
2.673e+04
2.764e+04
2.854e+04
2.947e+04
3.042e+04
3.137e+04
3.234e+04
3.333e+04
3.434e+04
3.536e+04
3.64e+04
3.746e+04
3.852e+04
3.96e+04
4.07e+04
4.183e+04
4.295e+04
4.409e+04
4.525e+04
4.641e+04
4.759e+04
4.88e+04
5.001e+04
5.123e+04
5.249e+04
5.373e+04
5.5e+04
5.63e+04
5.759e+04
5.891e+04
6.025e+04
6.16e+04
6.297e+04
6.435e+04
6.576e+04
6.717e+04
6.86e+04
7.003e+04
7.147e+04
7.295e+04
7.445e+04
7.597e+04
7.749e+04
7.902e+04
8.057e+04
8.214e+04
8.372e+04
8.531e+04
8.691e+04
8.85e+04
8.852e+04
8.854e+04
8.855e+04
8.857e+04
8.859e+04


AccumulativeDemand
0
34.39
73.37
117.3
166.4
220.2
278.8
342.8
412
487.3
567.3
652.6
742.3
837.4
937.8
1044
1155
1271
1392
1519
1651
1789
1931
2079
2232
2390
2553
2721
2893
3071
3254
3442
3636
3835
4039
4248
4462
4682
4906
5136
5370
5610
5854
6103
6358
6617
6882
7151
7426
7705
7990
8279
8573
8872
9177
9486
9801
1.012e+04
1.044e+04
1.077e+04
1.111e+04
1.145e+04
1.179e+04
1.214e+04
1.25e+04
1.286e+04
1.322e+04
1.359e+04
1.397e+04
1.434e+04
1.473e+04
1.512e+04
1.551e+04
1.591e+04
1.631e+04
1.672e+04
1.714e+04
1.755e+04
1.798e+04
1.841e+04
1.884e+04
1.928e+04
1.973e+04
2.018e+04
2.063e+04
2.109e+04
2.156e+04
2.203e+04
2.25e+04
2.298e+04
2.347e+04
2.396e+04
2.445e+04
2.495e+04
2.546e+04
2.597e+04
2.649e+04
2.701e+04
2.753e+04
2.806e+04
2.86e+04


AccumulativeOrdering
0
289.2
350
416.4
490.1
569.8
652.3
739.8
835.6
936.9
1048
1157
1274
1389
1518
1649
1787
1931
2079
2229
2386
2554
2723
2897
3075
3259
3446
3638
3837
4040
4245
4458
4681
4909
5136
5374
5612
5857
6108
6360
6623
6885
7156
7429
7710
7995
8283
8580
8876
9181
9492
9804
1.012e+04
1.045e+04
1.078e+04
1.111e+04
1.145e+04
1.18e+04
1.214e+04
1.25e+04
1.286e+04
1.323e+04
1.36e+04
1.397e+04
1.435e+04
1.473e+04
1.512e+04
1.552e+04
1.592e+04
1.632e+04
1.673e+04
1.714e+04
1.756e+04
1.798e+04
1.841e+04
1.884e+04
1.928e+04
1.973e+04
2.018e+04
2.064e+04
2.11e+04
2.156e+04
2.203e+04
2.25e+04
2.298e+04
2.347e+04
2.396e+04
2.446e+04
2.496e+04
2.546e+04
2.598e+04
2.649e+04
2.701e+04
2.754e+04
2.806e+04
2.859e+04
2.859e+04
2.859e+04
2.859e+04
2.859e+04
2.859e+04


AccumulativeHolding Cost
0
0
0
0
0
0
11.42
20.19
27.12
32.25
38.2
42.58
47.24
51.25
56.04
63.89
71.19
78.25
81.13
87.06
92.22
98.18
104.5
111.2
116.3
119.5
124.7
130.5
137.2
145
152.4
160.4
167.6
175.7
181.9
186.3
189
193.5
201.3
206.4
213.4
219.6
226.6
235.5
242.8
252.1
260.3
269.2
277.4
285.1
293.8
300.7
310.1
317.9
327.9
338.5
347.4
358.2
368.4
377.2
384.8
392.4
400.2
406.3
411.6
418
426.3
436.8
446.4
457.1
469.2
479.1
491.1
502.5
512.1
522.4
529.9
535.7
541.8
545.6
551.4
557.6
564.5
573.9
581.8
592.1
601.5
611.8
618.2
621.2
626.7
633.2
642
651.1
658.4
664.5
672.4
680.6
688.6
695.8
699.7


AccumulativeBacklogging Cost
0
68.79
215.5
450.1
782.8
1223
1225
1229
1234
1238
1245
1255
1269
1281
1292
1299
1310
1319
1332
1346
1360
1374
1387
1401
1417
1431
1439
1446
1452
1459
1463
1470
1480
1491
1503
1518
1530
1542
1551
1559
1565
1574
1581
1591
1601
1609
1619
1627
1636
1643
1651
1656
1661
1670
1681
1690
1701
1713
1724
1735
1743
1752
1761
1771
1783
1792
1797
1807
1812
1820
1831
1838
1845
1851
1858
1861
1869
1878
1885
1898
1911
1925
1937
1945
1950
1957
1967
1978
1991
2005
2018
2030
2039
2049
2055
2059
2066
2075
2083
2094
2110


