The time it takes to compute per each caseis 0.0461 secs
The data is average of running the code 20 many times.
Planning Horizon is: 100
Leading Time is: 5
Discount Rate is: 1
Initial Inventory is: 0
This is a integer typed problem or not: 0
The Algorithm is: 3
The Distribution Type is: 3
The Distribution Parameters are:         50         5
Total Cost is: 1.765e+04
Total Demand is: 4985
Total Order is: 4982
Total Holding Cost is: 671
Total Backlogging Cost is: 2032

Period
0
1
2
3
4
5
6
7
8
9
10
11
12
13
14
15
16
17
18
19
20
21
22
23
24
25
26
27
28
29
30
31
32
33
34
35
36
37
38
39
40
41
42
43
44
45
46
47
48
49
50
51
52
53
54
55
56
57
58
59
60
61
62
63
64
65
66
67
68
69
70
71
72
73
74
75
76
77
78
79
80
81
82
83
84
85
86
87
88
89
90
91
92
93
94
95
96
97
98
99
100


InventoryPosition
0
253.1
252.9
253.3
254.8
252.8
252.5
253.3
253.6
254.8
252.1
254.7
252.2
254.2
252.7
253.8
253.9
252.6
253.6
254.7
253.3
252.8
254.5
254.9
254.4
252.6
254.6
252.1
251.3
253.8
254.1
253.4
252.5
251.6
253.7
252.2
253.9
252.2
251.8
252.5
252.5
253.9
253.6
253.6
252.6
252.5
253.9
251.7
253.5
252.2
254.6
254.1
253.5
253.5
252.3
254.2
253.2
253
255.1
252.9
255.6
254.1
252.2
252.8
256.3
254.2
254.9
253.2
253.7
254.3
252.9
256.2
253.3
253.7
254
255
255.5
252.9
255.5
254.4
255.2
254.3
254
254.3
251.6
252.4
253
254.6
254.5
253.4
252.4
253.8
255.2
253.7
251.8
246.2
196.4
146.1
96.57
47.42
-3.569


NetInventory
0
50.33
100.8
150.8
199.5
250.1
8.047
10.04
13.94
14.83
13.15
11.87
8.828
7.309
8.805
7.878
8.56
8.815
9.817
9.716
11.61
11.41
10.99
8.039
10.63
9.143
10.8
9.455
8.779
8.107
9.006
10.75
8.893
9.135
9.27
9.446
7.433
6.562
8.453
7.528
7.861
8.381
9.331
10.33
8.678
7.538
6.453
8.233
9.084
9.298
11.15
9.247
10.81
10.43
9.731
10.25
10.53
11.26
11.06
9.945
11.93
12.59
10.57
10.31
10.14
9.217
8.674
8.76
10.82
11.24
8.986
11.69
10.38
11.1
13.01
12.39
13.02
10.74
12.52
13.25
13.04
11.69
9.486
10.9
7.651
8.379
8.871
9.709
10.19
7.956
7.056
8.947
10.21
9.699
11.17
8.949
8.549
9.268
7.633
8.916
9.047


Cost
0
1011
352.6
453
549.1
646.1
162.7
166.3
169.4
169.2
164.5
169.4
157.3
162.1
159
162.5
159.2
160.5
165.2
161.7
160.9
165.3
166
155.1
157.4
157.7
165.1
157.3
165.4
167.4
161.5
162.9
163.2
166.4
168.4
163.1
164.6
158.8
167.1
166.3
165.5
165.4
162.6
164.3
161.5
162.9
160.7
160.5
168.4
164
169.5
158.6
162.6
163
162.6
165.9
161.3
166
165.6
157.8
165.9
158.9
160.7
166.2
163.5
151
156.7
155.2
162.5
161.1
157.5
164.9
153.9
163.2
164.8
162.6
159.1
155.9
165.5
158.5
160.8
156.5
156.7
159
155.1
165.3
165
164.1
159.9
157.3
159
164.1
160.6
156
164.1
146.2
10.71
12.17
10.39
12.05
15.35


Demand
0
50.33
50.45
50.06
48.63
50.63
50.85
50.05
49.78
48.63
51.24
48.66
51.17
49.24
50.71
49.54
49.49
50.8
49.77
48.65
50.07
50.62
48.84
48.46
48.94
50.8
48.77
51.25
52.08
49.59
49.31
50.01
50.85
51.83
49.71
51.2
49.5
51.2
51.56
50.92
50.91
49.47
49.75
49.78
50.82
50.87
49.53
51.73
49.9
51.16
48.74
49.25
49.88
49.9
51.07
49.15
50.16
50.4
48.28
50.51
47.81
49.29
51.21
50.59
47.09
49.16
48.46
50.15
49.71
49.05
50.51
47.21
50.06
49.67
49.39
48.34
47.84
50.53
47.93
49.01
48.15
49.06
49.37
49.05
51.76
51.01
50.35
48.8
48.9
50.02
51.02
49.57
48.14
49.69
51.54
50.41
49.83
50.32
49.5
49.15
50.99


Ordering
0
303.4
50.33
50.45
50.06
48.63
50.63
50.85
50.06
49.78
48.63
51.24
48.66
51.17
49.24
50.71
49.55
49.49
50.8
49.77
48.66
50.06
50.62
48.84
48.46
48.94
50.79
48.78
51.25
52.07
49.6
49.32
50.01
50.85
51.83
49.71
51.19
49.5
51.2
51.56
50.93
50.91
49.47
49.75
49.77
50.82
50.86
49.53
51.73
49.9
51.16
48.75
49.25
49.88
49.9
51.07
49.16
50.16
50.4
48.28
50.5
47.82
49.28
51.21
50.59
47.1
49.16
48.46
50.14
49.71
49.06
50.51
47.22
50.06
49.68
49.38
48.34
47.85
50.52
47.93
49.01
48.15
49.06
49.37
49.05
51.75
51.01
50.35
48.81
48.89
50.02
51.01
49.57
48.15
49.68
44.78
0
0
0
0
0


HoldingCost
0
0
0
0
0
0
5.238
6.375
8.659
9.816
7.671
8.019
6.337
5.987
6.271
5.35
6.566
5.627
6.829
7.073
8.337
7.701
7.817
7.509
9.216
7.405
8.878
7.89
5.935
5.034
5.299
6.563
4.593
4.42
5.67
4.959
3.861
2.83
3.418
3.411
2.977
4.101
4.454
5.667
5.211
4.67
4.818
4.577
4.928
4.339
6.306
6.159
6.767
7.493
6.558
7.822
7.25
7.037
7.737
6.879
9.502
9.768
8.233
8.006
8.516
8.727
8.136
7.744
9.524
10.5
7.669
9.992
8.539
9.135
10.25
10.3
11.95
9.152
11.1
11.8
12.31
11.28
9.417
10.86
7.325
6.69
5.835
6.383
6.858
5.252
5.169
6.838
8.578
7.879
7.294
5.989
6.383
6.368
4.875
5.78
2.739


BackloggingCost
0
100.7
201.6
301.7
398.9
500.2
5.618
7.329
10.56
10.02
10.95
7.703
4.981
2.644
5.067
5.055
3.987
6.377
5.977
5.287
6.538
7.409
6.346
1.059
2.818
3.474
3.837
3.13
5.69
6.145
7.414
8.383
8.6
9.43
7.2
8.975
7.144
7.464
10.07
8.234
9.768
8.559
9.753
9.335
6.933
5.736
3.269
7.311
8.313
9.918
9.693
6.175
8.087
5.883
6.346
4.865
6.555
8.441
6.643
6.13
4.86
5.651
4.68
4.601
3.244
0.9807
1.074
2.032
2.589
1.469
2.634
3.391
3.686
3.939
5.524
4.185
2.148
3.182
2.83
2.894
1.451
0.8202
0.1388
0.0789
0.652
3.378
6.073
6.653
6.666
5.407
3.774
4.219
3.269
3.64
7.755
5.921
4.332
5.801
5.518
6.271
12.62


AccumulativeCost
0
1011
1363
1816
2365
3012
3174
3341
3510
3679
3844
4013
4170
4333
4492
4654
4813
4974
5139
5301
5462
5627
5793
5948
6105
6263
6428
6585
6751
6918
7080
7243
7406
7572
7741
7904
8068
8227
8394
8561
8726
8891
9054
9218
9380
9543
9703
9864
1.003e+04
1.02e+04
1.037e+04
1.052e+04
1.069e+04
1.085e+04
1.101e+04
1.118e+04
1.134e+04
1.151e+04
1.167e+04
1.183e+04
1.199e+04
1.215e+04
1.231e+04
1.248e+04
1.264e+04
1.28e+04
1.295e+04
1.311e+04
1.327e+04
1.343e+04
1.359e+04
1.375e+04
1.391e+04
1.407e+04
1.424e+04
1.44e+04
1.456e+04
1.471e+04
1.488e+04
1.504e+04
1.52e+04
1.535e+04
1.551e+04
1.567e+04
1.582e+04
1.599e+04
1.616e+04
1.632e+04
1.648e+04
1.664e+04
1.68e+04
1.696e+04
1.712e+04
1.728e+04
1.744e+04
1.759e+04
1.76e+04
1.761e+04
1.762e+04
1.763e+04
1.765e+04


AccumulativeDemand
0
50.33
100.8
150.8
199.5
250.1
301
351
400.8
449.4
500.7
549.3
600.5
649.7
700.4
750
799.5
850.3
900
948.7
998.8
1049
1098
1147
1196
1246
1295
1346
1399
1448
1497
1547
1598
1650
1700
1751
1801
1852
1903
1954
2005
2055
2104
2154
2205
2256
2305
2357
2407
2458
2507
2556
2606
2656
2707
2756
2806
2857
2905
2955
3003
3053
3104
3154
3201
3251
3299
3349
3399
3448
3498
3546
3596
3645
3695
3743
3791
3842
3889
3938
3987
4036
4085
4134
4186
4237
4287
4336
4385
4435
4486
4536
4584
4633
4685
4735
4785
4835
4885
4934
4985


AccumulativeOrdering
0
303.4
353.7
404.2
454.2
502.9
553.5
604.3
654.4
704.2
752.8
804
852.7
903.9
953.1
1004
1053
1103
1154
1203
1252
1302
1353
1402
1450
1499
1550
1599
1650
1702
1751
1801
1851
1902
1954
2003
2054
2104
2155
2207
2258
2309
2358
2408
2457
2508
2559
2609
2660
2710
2761
2810
2859
2909
2959
3010
3059
3110
3160
3208
3259
3307
3356
3407
3458
3505
3554
3602
3653
3702
3751
3802
3849
3899
3949
3998
4047
4094
4145
4193
4242
4290
4339
4388
4437
4489
4540
4591
4639
4688
4738
4789
4839
4887
4937
4982
4982
4982
4982
4982
4982


AccumulativeHolding Cost
0
0
0
0
0
0
5.238
11.61
20.27
30.09
37.76
45.78
52.11
58.1
64.37
69.72
76.29
81.91
88.74
95.82
104.2
111.9
119.7
127.2
136.4
143.8
152.7
160.6
166.5
171.5
176.8
183.4
188
192.4
198.1
203
206.9
209.7
213.2
216.6
219.5
223.6
228.1
233.8
239
243.6
248.5
253
258
262.3
268.6
274.8
281.5
289
295.6
303.4
310.7
317.7
325.4
332.3
341.8
351.6
359.8
367.8
376.3
385.1
393.2
400.9
410.5
421
428.6
438.6
447.2
456.3
466.6
476.9
488.8
498
509.1
520.9
533.2
544.4
553.9
564.7
572.1
578.7
584.6
591
597.8
603.1
608.2
615.1
623.7
631.5
638.8
644.8
651.2
657.6
662.4
668.2
671


AccumulativeBacklogging Cost
0
100.7
302.2
603.9
1003
1503
1509
1516
1527
1537
1548
1555
1560
1563
1568
1573
1577
1583
1589
1595
1601
1609
1615
1616
1619
1622
1626
1629
1635
1641
1648
1657
1665
1675
1682
1691
1698
1706
1716
1724
1734
1742
1752
1761
1768
1774
1777
1785
1793
1803
1813
1819
1827
1833
1839
1844
1850
1859
1866
1872
1877
1882
1887
1891
1895
1896
1897
1899
1901
1903
1905
1909
1913
1916
1922
1926
1928
1932
1934
1937
1939
1940
1940
1940
1940
1944
1950
1956
1963
1969
1972
1977
1980
1983
1991
1997
2001
2007
2013
2019
2032


