The time it takes to compute per each caseis 2.961 secs
The data is average of running the code 20 many times.
Planning Horizon is: 100
Leading Time is: 5
Discount Rate is: 1
Initial Inventory is: 0
This is a integer typed problem or not: 0
The Algorithm is: 3
The Distribution Type is: 5
The Distribution Parameters are:          5     1.581        30         3
Total Cost is: 5.098e+04
Total Demand is: 1.626e+04
Total Order is: 1.626e+04
Total Holding Cost is: 524.9
Total Backlogging Cost is: 1686

Period
0
1
2
3
4
5
6
7
8
9
10
11
12
13
14
15
16
17
18
19
20
21
22
23
24
25
26
27
28
29
30
31
32
33
34
35
36
37
38
39
40
41
42
43
44
45
46
47
48
49
50
51
52
53
54
55
56
57
58
59
60
61
62
63
64
65
66
67
68
69
70
71
72
73
74
75
76
77
78
79
80
81
82
83
84
85
86
87
88
89
90
91
92
93
94
95
96
97
98
99
100


InventoryPosition
0
254
279.9
268.1
263.4
274.8
287.3
300.1
313.4
324.9
336.9
348.6
362.3
373.6
386.1
399.6
413.3
427.9
439.5
452.6
466.1
479
491.4
504.6
515.1
528.7
539.3
552.8
565.8
580.1
593.3
605
616.6
628.5
642.2
653.1
667.3
682.2
695.7
708.7
722.8
735.4
747.3
760.1
772.9
783.5
797.1
812.7
822.8
838.5
852.2
863.5
875.1
889
901.8
913.8
926.3
938.9
952.1
965.6
977.1
989.9
1004
1017
1028
1041
1055
1066
1077
1089
1102
1114
1129
1142
1157
1169
1180
1194
1205
1218
1230
1243
1256
1265
1278
1290
1300
1314
1324
1336
1348
1359
1371
1383
1397
1403
1127
848.7
568
284.6
-1.271


NetInventory
0
35.14
75.26
117.7
161.7
208.9
30.67
44.53
20.88
7.543
7.681
5.873
5.64
6.902
6.242
6.423
6.859
7.4
6.703
6.745
7.142
6.854
6.512
6.705
5.743
6.986
8.276
7.544
5.784
5.872
6.876
6.357
7.096
7.697
9.563
7.627
6.207
7.427
7.885
6.79
7.339
8.144
7.408
7.054
7.999
9.835
7.436
9.347
6.489
5.923
5.917
6.217
6.617
7.919
8.414
8.858
7.27
4.394
6.317
5.912
7.506
7.042
7.636
7.055
4.787
4.73
7.445
7.129
8.357
7.749
6.253
6.757
5.564
6.669
5.436
7.536
8.643
8.399
7.299
8.595
7.14
7.384
9.024
8.08
7.819
8.098
10.08
10.22
9.076
8.57
8.201
6.877
7.822
8.66
7.837
6.741
7.979
8.623
9.079
7.19
8.311


Cost
0
937.8
348.5
327.5
441.2
593.6
217.1
239.1
223.7
214.9
223.8
228.7
239.8
242.9
254.8
266.6
277
286.7
286.3
299.1
307.6
312.5
317.4
326.3
325.3
341.6
343.5
359.1
363.1
375.7
380
383.2
390.9
400.6
413.9
413.1
430.1
441.9
447.4
453
464.8
467.9
472.2
480.7
488.1
493.3
507.7
521.7
513.6
535.7
536.7
537.9
546.7
563.5
566.4
572.5
579.6
584.3
596
602.9
608.4
620.2
632
635.7
633.2
646.3
658.3
656.7
667
675.9
681.7
692.8
704
712.6
722.5
725.9
733
742.7
743.4
756
760.5
771.1
774.7
774
789.8
792.2
800.3
813.3
812.7
821.9
829.5
831.4
840.8
854.5
862.4
845
9.87
11.09
11.45
8.091
13.1


Demand
0
35.14
40.12
42.45
43.98
47.21
49.64
52.09
54.33
56.82
59.25
62.04
64.06
66.92
69.76
72.41
75.27
77.3
80.25
82.9
85.27
87.8
90.39
92.29
95.36
97.22
100.4
102.9
105.7
108.1
110.3
112.7
115.3
118
120.1
123.5
126.3
128.7
131.4
134.3
136.5
138.9
141.6
144
146.1
149.4
152.3
153.9
157.8
159.9
161.9
164.7
167.6
169.8
172.2
174.9
177.4
180.1
182.7
184.8
187.7
190.5
192.9
195
197.9
200.4
202.3
204.9
207.4
209.8
212.6
215.6
218
221.1
223.1
225.5
228.3
230.3
233.1
235.6
238.2
240.3
242.1
245.2
247.1
249.3
252.3
254
256.6
259.1
261.1
263.6
266.3
268.9
270.7
273.6
275.8
278
280.8
283.4
285.8


Ordering
0
289.2
65.98
30.68
39.27
58.61
62.12
64.86
67.61
68.41
71.21
73.75
77.71
78.23
82.28
85.93
88.93
91.97
91.85
95.98
98.72
100.7
102.8
105.6
105.8
110.9
110.9
116.5
118.6
122.4
123.5
124.5
126.9
129.9
133.8
134.5
140.6
143.6
144.9
147.2
150.6
151.5
153.6
156.8
159
160
165.8
169.5
168
175.6
175.6
176
179.1
183.7
185
186.9
189.8
192.7
195.8
198.3
199.2
203.3
206.9
208.6
208.9
213.1
215.9
215.9
218.9
222
224.8
228.3
232.3
234.2
238
237.9
239.7
243.4
244.4
248.3
250.5
253.8
254.4
254.5
260.1
261
262.9
267.3
267.3
270.8
273.5
274.7
277.5
281.4
284.5
279.2
0
0
0
0
0


HoldingCost
0
0
0
0
0
0
30.65
44.53
20.88
5.437
5.188
4.324
4.607
5.58
4.572
4.062
3.519
3.996
2.635
2.35
2.881
3.302
3.923
3.799
3.629
5.001
5.818
5.389
4.427
3.326
4.118
2.937
3.913
4.514
6.6
5.597
3.968
3.671
3.123
2.341
1.622
2.836
3.439
3.734
4.773
6.268
4.684
5.486
3.515
2.767
1.82
2.543
3.705
3.499
5.409
5.988
4.511
2.571
4.058
3.942
4.332
3.749
3.947
4.063
3.144
2.52
4.386
5.231
6.412
5.645
5.143
5.579
3.913
3.388
2.227
2.936
3.483
4.342
4.346
6.193
5.325
5.151
6.614
5.724
6.191
6.924
8.69
8.978
7.359
7.61
7.372
6.395
7.347
6.997
6.656
6.035
6.088
6.159
6.713
6.289
3.52


BackloggingCost
0
70.28
150.5
235.4
323.4
417.8
0.04385
0
0
4.213
4.985
3.098
2.065
2.644
3.339
4.722
6.68
6.808
8.135
8.789
8.523
7.103
5.179
5.811
4.228
3.97
4.916
4.312
2.715
5.093
5.516
6.841
6.367
6.367
5.926
4.06
4.478
7.513
9.525
8.897
11.43
10.62
7.939
6.64
6.452
7.134
5.503
7.721
5.948
6.312
8.195
7.349
5.824
8.84
6.011
5.741
5.519
3.647
4.517
3.939
6.347
6.587
7.379
5.983
3.285
4.42
6.117
3.796
3.89
4.209
2.221
2.358
3.301
6.561
6.417
9.201
10.32
8.112
5.906
4.805
3.63
4.466
4.82
4.712
3.255
2.348
2.773
2.475
3.436
1.919
1.659
0.9658
0.9504
3.327
2.362
1.412
3.782
4.928
4.732
1.802
9.582


AccumulativeCost
0
937.8
1286
1614
2055
2648
2866
3105
3328
3543
3767
3996
4235
4478
4733
5000
5277
5563
5850
6149
6456
6769
7086
7413
7738
8079
8423
8782
9145
9521
9901
1.028e+04
1.067e+04
1.108e+04
1.149e+04
1.19e+04
1.233e+04
1.277e+04
1.322e+04
1.367e+04
1.414e+04
1.461e+04
1.508e+04
1.556e+04
1.605e+04
1.654e+04
1.705e+04
1.757e+04
1.808e+04
1.862e+04
1.916e+04
1.97e+04
2.024e+04
2.081e+04
2.137e+04
2.194e+04
2.252e+04
2.311e+04
2.37e+04
2.431e+04
2.492e+04
2.554e+04
2.617e+04
2.68e+04
2.744e+04
2.808e+04
2.874e+04
2.94e+04
3.007e+04
3.074e+04
3.142e+04
3.212e+04
3.282e+04
3.353e+04
3.425e+04
3.498e+04
3.571e+04
3.646e+04
3.72e+04
3.796e+04
3.872e+04
3.949e+04
4.026e+04
4.104e+04
4.183e+04
4.262e+04
4.342e+04
4.423e+04
4.504e+04
4.587e+04
4.67e+04
4.753e+04
4.837e+04
4.922e+04
5.008e+04
5.093e+04
5.094e+04
5.095e+04
5.096e+04
5.097e+04
5.098e+04


AccumulativeDemand
0
35.14
75.26
117.7
161.7
208.9
258.5
310.6
364.9
421.8
481
543.1
607.1
674
743.8
816.2
891.5
968.8
1049
1132
1217
1305
1395
1488
1583
1680
1781
1884
1989
2097
2208
2320
2436
2554
2674
2797
2924
3052
3184
3318
3454
3593
3735
3879
4025
4175
4327
4481
4639
4798
4960
5125
5293
5462
5635
5809
5987
6167
6350
6534
6722
6913
7106
7301
7498
7699
7901
8106
8314
8523
8736
8952
9170
9391
9614
9839
1.007e+04
1.03e+04
1.053e+04
1.077e+04
1.1e+04
1.125e+04
1.149e+04
1.173e+04
1.198e+04
1.223e+04
1.248e+04
1.274e+04
1.299e+04
1.325e+04
1.351e+04
1.378e+04
1.404e+04
1.431e+04
1.458e+04
1.485e+04
1.513e+04
1.541e+04
1.569e+04
1.597e+04
1.626e+04


AccumulativeOrdering
0
289.2
355.1
385.8
425.1
483.7
545.8
610.7
678.3
746.7
817.9
891.7
969.4
1048
1130
1216
1305
1397
1489
1585
1683
1784
1887
1992
2098
2209
2320
2436
2555
2677
2801
2925
3052
3182
3316
3450
3591
3735
3879
4027
4177
4329
4482
4639
4798
4958
5124
5293
5461
5637
5813
5989
6168
6351
6536
6723
6913
7106
7302
7500
7699
7903
8109
8318
8527
8740
8956
9172
9391
9613
9838
1.007e+04
1.03e+04
1.053e+04
1.077e+04
1.101e+04
1.125e+04
1.149e+04
1.174e+04
1.198e+04
1.223e+04
1.249e+04
1.274e+04
1.3e+04
1.326e+04
1.352e+04
1.378e+04
1.405e+04
1.432e+04
1.459e+04
1.486e+04
1.513e+04
1.541e+04
1.569e+04
1.598e+04
1.626e+04
1.626e+04
1.626e+04
1.626e+04
1.626e+04
1.626e+04


AccumulativeHolding Cost
0
0
0
0
0
0
30.65
75.18
96.06
101.5
106.7
111
115.6
121.2
125.8
129.8
133.4
137.3
140
142.3
145.2
148.5
152.4
156.2
159.9
164.9
170.7
176.1
180.5
183.8
187.9
190.9
194.8
199.3
205.9
211.5
215.5
219.1
222.3
224.6
226.2
229.1
232.5
236.2
241
247.3
252
257.5
261
263.7
265.6
268.1
271.8
275.3
280.7
286.7
291.2
293.8
297.8
301.8
306.1
309.9
313.8
317.9
321
323.5
327.9
333.2
339.6
345.2
350.4
355.9
359.8
363.2
365.5
368.4
371.9
376.2
380.6
386.8
392.1
397.2
403.9
409.6
415.8
422.7
431.4
440.4
447.7
455.3
462.7
469.1
476.4
483.4
490.1
496.1
502.2
508.4
515.1
521.4
524.9


AccumulativeBacklogging Cost
0
70.28
220.8
456.2
779.6
1197
1197
1197
1197
1202
1207
1210
1212
1214
1218
1222
1229
1236
1244
1253
1261
1268
1274
1279
1284
1288
1293
1297
1300
1305
1310
1317
1323
1330
1336
1340
1344
1352
1361
1370
1382
1392
1400
1407
1413
1420
1426
1434
1440
1446
1454
1461
1467
1476
1482
1488
1493
1497
1502
1505
1512
1518
1526
1532
1535
1539
1546
1549
1553
1557
1560
1562
1565
1572
1578
1588
1598
1606
1612
1617
1620
1625
1630
1634
1638
1640
1643
1645
1649
1651
1652
1653
1654
1657
1660
1661
1665
1670
1675
1676
1686


