The time it takes to compute per each caseis 0.2458 secs
The data is average of running the code 20 many times.
Planning Horizon is: 30
Leading Time is: 2
Discount Rate is: 1
Initial Inventory is: 0
This is a integer typed problem or not: 0
The Algorithm is: 3
The Distribution Type is: 4
The Distribution Parameters are:          5     1.581        20
Total Cost is: 9045
Total Demand is: 2904
Total Order is: 2900
Total Holding Cost is: 90.62
Total Backlogging Cost is: 255.4

Period
0
1
2
3
4
5
6
7
8
9
10
11
12
13
14
15
16
17
18
19
20
21
22
23
24
25
26
27
28
29
30


InventoryPosition
0
66.34
77.41
87.23
96.03
106.4
116.2
125.4
134.3
146.5
156.4
165.9
175.9
183.7
195.3
204.9
214.7
224.8
234.6
244.3
254.4
263.3
274.6
285.5
294.1
304.3
313.6
324.6
330.8
165.7
-4.65


NetInventory
0
25.3
55.41
4.303
5.186
5.746
4.493
5.855
5.424
6.506
4.804
4.249
4.634
4.577
5.436
4.601
5.371
3.983
5.087
3.281
4.898
4.655
4.879
4.145
4.307
5.743
5.2
5.612
5.077
4.232
5.317


Cost
0
325.5
234.4
139.4
152.2
172.3
183
197.4
213.5
240.1
245.6
256.6
271.5
281.7
309
317.6
333.7
347.1
362.5
374.1
392
405
428.4
439.7
447.5
468.7
482.3
502.9
505.1
6.409
10.3


Demand
0
25.3
30.11
34.74
39.81
44.64
49.32
54.19
59.87
64.77
69.54
74.33
78.77
84.25
89.1
94.05
99.05
103.9
108.8
113.8
118.6
124.1
129.2
133.7
138.8
143.7
149
154
159.7
165.1
170.3


Ordering
0
91.63
41.19
44.55
48.61
55.03
59.12
63.36
68.8
76.91
79.46
83.84
88.72
92.08
100.7
103.7
108.9
114
118.6
123.4
128.6
133
140.5
144.6
147.4
153.9
158.4
165
165.8
0
0


HoldingCost
0
0
0
2.897
4.026
4.265
3.286
4.389
3.797
3.632
2.414
3.428
3.965
3.734
3.972
2.569
3.775
2.944
3.535
2.764
3.599
3.172
2.999
2.25
3.222
4.383
3.289
3.415
2.511
2.054
0.3336


BackloggingCost
0
50.59
110.8
2.813
2.319
2.962
2.413
2.932
3.255
5.747
4.781
1.642
1.339
1.686
2.929
4.063
3.192
2.077
3.103
1.034
2.596
2.967
3.761
3.79
2.171
2.719
3.822
4.393
5.132
4.355
9.966


AccumulativeCost
0
325.5
559.9
699.2
851.4
1024
1207
1404
1618
1858
2103
2360
2631
2913
3222
3540
3873
4220
4583
4957
5349
5754
6182
6622
7070
7538
8021
8524
9029
9035
9045


AccumulativeDemand
0
25.3
55.41
90.14
130
174.6
223.9
278.1
338
402.7
472.3
546.6
625.4
709.6
798.7
892.8
991.8
1096
1205
1318
1437
1561
1690
1824
1963
2106
2255
2409
2569
2734
2904


AccumulativeOrdering
0
91.63
132.8
177.4
226
281
340.1
403.5
472.3
549.2
628.7
712.5
801.2
893.3
994
1098
1207
1321
1439
1563
1691
1824
1965
2109
2257
2411
2569
2734
2900
2900
2900


AccumulativeHolding Cost
0
0
0
2.897
6.923
11.19
14.47
18.86
22.66
26.29
28.71
32.13
36.1
39.83
43.8
46.37
50.15
53.09
56.63
59.39
62.99
66.16
69.16
71.41
74.63
79.02
82.3
85.72
88.23
90.28
90.62


AccumulativeBacklogging Cost
0
50.59
161.4
164.2
166.5
169.5
171.9
174.8
178.1
183.8
188.6
190.3
191.6
193.3
196.2
200.3
203.5
205.6
208.7
209.7
212.3
215.3
219
222.8
225
227.7
231.5
235.9
241
245.4
255.4


