The time it takes to compute per each caseis 0.2242 secs
The data is average of running the code 20 many times.
Planning Horizon is: 30
Leading Time is: 4
Discount Rate is: 1
Initial Inventory is: 0
This is a integer typed problem or not: 0
The Algorithm is: 3
The Distribution Type is: 4
The Distribution Parameters are:          5     1.581        20
Total Cost is: 9800
Total Demand is: 2956
Total Order is: 2955
Total Holding Cost is: 151.5
Total Backlogging Cost is: 782.9

Period
0
1
2
3
4
5
6
7
8
9
10
11
12
13
14
15
16
17
18
19
20
21
22
23
24
25
26
27
28
29
30


InventoryPosition
0
152.6
175.4
198.3
215
236.2
255.8
273.2
297.8
317.4
337.3
357.8
374.4
398
415.7
437
456.3
478.6
496.6
515.9
538.2
556.7
578
599.7
619.3
641.6
653.4
497.5
336.6
170.6
-0.642


NetInventory
0
25.66
56.77
92.27
133
9.785
9.818
10.77
9.479
8.27
9.774
8.425
8.668
8.345
9.257
9.816
7.648
10.53
7.916
8.371
7.867
7.435
9.643
7.557
8.43
8.579
8.518
8.706
10.38
12.97
8.322


Cost
0
586
275.5
359.6
438.3
215
222.3
233.9
270
267.8
286.7
300.7
303.9
338.3
337.6
363.9
373
398
397.1
417.8
440.2
443.1
472.6
486
496.8
519.9
502.4
11.33
13.43
15.84
12.8


Demand
0
25.66
31.11
35.5
40.7
45.55
50.21
56.11
61.03
66.02
71.01
75.45
81.09
85.68
90.92
95.87
101.2
105.8
110.8
116.2
120.9
126.3
131.6
136.6
142
146.7
151.6
155.9
160.8
166
171.3


Ordering
0
178.2
53.99
58.34
57.43
66.74
69.77
73.54
85.62
85.61
90.96
95.98
97.65
109.3
108.6
117.1
120.6
128.1
128.7
135.6
143.2
144.7
153
158.3
161.7
169
163.4
0
0
0
0


HoldingCost
0
0
0
0
0
4.749
6.653
8.239
5.796
5.552
5.68
4.049
6.436
6.24
6.715
7.052
4.176
7.353
4.96
5.655
5.241
5.932
5.593
4.019
5.062
4.177
4.816
6.08
7.323
10.09
3.84


BackloggingCost
0
51.33
113.5
184.5
265.9
10.07
6.331
5.06
7.365
5.436
8.187
8.752
4.464
4.209
5.084
5.528
6.945
6.348
5.912
5.43
5.254
3.006
8.1
7.076
6.737
8.804
7.404
5.252
6.109
5.749
8.964


AccumulativeCost
0
586
861.5
1221
1659
1874
2097
2331
2601
2868
3155
3456
3760
4098
4436
4800
5173
5571
5968
6385
6826
7269
7741
8227
8724
9244
9746
9758
9771
9787
9800


AccumulativeDemand
0
25.66
56.77
92.27
133
178.5
228.7
284.8
345.9
411.9
482.9
558.4
639.5
725.1
816.1
911.9
1013
1119
1230
1346
1467
1593
1725
1861
2003
2150
2302
2458
2618
2784
2956


AccumulativeOrdering
0
178.2
232.2
290.6
348
414.7
484.5
558
643.7
729.3
820.2
916.2
1014
1123
1232
1349
1469
1598
1726
1862
2005
2150
2303
2461
2623
2792
2955
2955
2955
2955
2955


AccumulativeHolding Cost
0
0
0
0
0
4.749
11.4
19.64
25.44
30.99
36.67
40.72
47.15
53.39
60.11
67.16
71.34
78.69
83.65
89.31
94.55
100.5
106.1
110.1
115.2
119.3
124.1
130.2
137.5
147.6
151.5


AccumulativeBacklogging Cost
0
51.33
164.9
349.4
615.4
625.4
631.8
636.8
644.2
649.6
657.8
666.6
671
675.2
680.3
685.9
692.8
699.1
705.1
710.5
715.7
718.7
726.8
733.9
740.7
749.5
756.9
762.1
768.2
774
782.9


