The time it takes to compute per each caseis 0.2001 secs
The data is average of running the code 20 many times.
Planning Horizon is: 30
Leading Time is: 6
Discount Rate is: 1
Initial Inventory is: 0
This is a integer typed problem or not: 0
The Algorithm is: 3
The Distribution Type is: 4
The Distribution Parameters are:          5     1.581        20
Total Cost is: 1.072e+004
Total Demand is: 2948
Total Order is: 2936
Total Holding Cost is: 228.2
Total Backlogging Cost is: 1687

Period
0
1
2
3
4
5
6
7
8
9
10
11
12
13
14
15
16
17
18
19
20
21
22
23
24
25
26
27
28
29
30


InventoryPosition
0
260
291.1
320.3
351.3
381.6
415.1
440.7
473.5
506.5
534.8
567.4
597.5
621.4
656.3
685.6
715.8
743.9
773.5
806.3
834.9
864.3
893.6
924.7
940.6
794.3
643
487.3
326.3
160
-11.73


NetInventory
0
25.09
55.12
90.33
130.6
176.4
226.5
16.34
13.64
12.33
14.36
15.7
17.84
16.43
14.71
15.96
17.72
19.39
19.5
17.63
16.49
15.26
13.61
11.56
13.32
12.78
15.89
14.09
14
12.64
16.28


Cost
0
905.6
293.4
374.1
475.2
580.6
704.2
266.6
300.5
314
319.1
349.1
355.3
354.4
397.7
396.6
416.7
426.2
447.4
471.4
469.2
484.5
497.2
513.9
487.1
15.55
21.24
18.93
19.29
17.22
30.29


Demand
0
25.09
30.03
35.21
40.3
45.73
50.16
55.63
61.02
65.83
71.2
76.09
80.32
86
90.9
95.9
100.6
105.6
111
115.8
120.7
125.6
130.7
135.2
140.7
146.2
151.3
155.7
161
166.3
171.7


Ordering
0
285.1
61.06
64.47
71.32
75.96
83.71
81.18
93.86
98.77
99.48
108.8
110.4
109.9
125.7
125.2
130.9
133.7
140.6
148.6
149.3
154.9
160
166.3
156.5
0
0
0
0
0
0


HoldingCost
0
0
0
0
0
0
0
9.659
8.331
6.997
8.071
8.678
11.44
8.329
8.951
11.01
11.32
13.73
13.47
9.618
11.58
10.78
10.05
8.278
9.119
10.02
10.54
9.237
8.7
8.055
2.277


BackloggingCost
0
50.18
110.2
180.7
261.3
352.7
453
13.37
10.63
10.66
12.57
14.04
12.8
16.2
11.52
9.895
12.81
11.31
12.05
16.02
9.818
8.957
7.12
6.568
8.407
5.521
10.7
9.698
10.59
9.165
28.01


AccumulativeCost
0
905.6
1199
1573
2048
2629
3333
3600
3900
4214
4533
4882
5238
5592
5990
6386
6803
7229
7677
8148
8617
9102
9599
1.011e+004
1.06e+004
1.062e+004
1.064e+004
1.066e+004
1.067e+004
1.069e+004
1.072e+004


AccumulativeDemand
0
25.09
55.12
90.33
130.6
176.4
226.5
282.1
343.2
409
480.2
556.3
636.6
722.6
813.5
909.4
1010
1116
1227
1342
1463
1589
1719
1855
1995
2142
2293
2449
2610
2776
2948


AccumulativeOrdering
0
285.1
346.2
410.7
482
557.9
641.6
722.8
816.7
915.5
1015
1124
1234
1344
1470
1595
1726
1860
2000
2149
2298
2453
2613
2779
2936
2936
2936
2936
2936
2936
2936


AccumulativeHolding Cost
0
0
0
0
0
0
0
9.659
17.99
24.99
33.06
41.74
53.18
61.51
70.46
81.47
92.79
106.5
120
129.6
141.2
152
162
170.3
179.4
189.4
200
209.2
217.9
226
228.2


AccumulativeBacklogging Cost
0
50.18
160.4
341.1
602.4
955.1
1408
1421
1432
1443
1455
1469
1482
1498
1510
1520
1533
1544
1556
1572
1582
1591
1598
1604
1613
1618
1629
1639
1649
1659
1687


