The time it takes to compute per each caseis 0.1921 secs
The data is average of running the code 20 many times.
Planning Horizon is: 30
Leading Time is: 8
Discount Rate is: 1
Initial Inventory is: 0
This is a integer typed problem or not: 0
The Algorithm is: 3
The Distribution Type is: 4
The Distribution Parameters are:          5     1.581        20
Total Cost is: 1.205e+004
Total Demand is: 2923
Total Order is: 2915
Total Holding Cost is: 326.4
Total Backlogging Cost is: 2974

Period
0
1
2
3
4
5
6
7
8
9
10
11
12
13
14
15
16
17
18
19
20
21
22
23
24
25
26
27
28
29
30


InventoryPosition
0
387.1
429.6
464.1
508.1
552.8
590.4
633.4
669.3
707.1
746.7
787.9
826.1
864.1
903
948.1
989.3
1030
1068
1106
1140
1185
1210
1075
935.8
791.1
641.6
487.1
327.2
162.2
-7.786


NetInventory
0
25.12
54.68
89.8
130.4
175.8
226.5
281.7
341.6
23.51
22.63
21.73
22.42
24.66
24.58
24.27
22.39
21.63
16.85
18.68
17.79
22.45
22.82
25.15
23.53
24.36
26.53
22.42
22.48
15.92
20.91


Cost
0
1287
325.6
388.5
514.6
622.1
717.7
857.9
970.8
340.7
359.2
379.2
383.3
398
418.4
450.3
453.2
465.6
466.6
477.7
485.1
540
498.5
33.06
29.62
30.41
34.26
29.58
32.64
20.5
35.26


Demand
0
25.12
29.56
35.12
40.63
45.39
50.68
55.19
59.95
64.93
70.04
74.81
79.58
84.53
90.11
95.25
100.3
105.1
109.7
114.2
119.7
124.7
130
135
139.5
144.7
149.5
154.4
159.9
165
170


Ordering
0
412.2
72.08
69.65
84.59
90.14
88.23
98.18
95.83
102.7
109.7
116
117.8
122.5
129
140.3
141.5
145.6
148.3
151.4
154
169.6
155.4
0
0
0
0
0
0
0
0


HoldingCost
0
0
0
0
0
0
0
0
0
14.56
15.15
12.11
14.96
18.89
17.91
19.22
16.05
14.5
12.1
13.92
12.52
13.74
13.43
17.24
17.44
18.31
18.81
15.25
12.32
11.35
6.563


BackloggingCost
0
50.25
109.4
179.6
260.9
351.6
453
563.4
683.3
17.89
14.97
19.23
14.91
11.55
13.34
10.09
12.67
14.25
9.499
9.53
10.53
17.41
18.78
15.82
12.19
12.1
15.45
14.33
20.32
9.147
28.7


AccumulativeCost
0
1287
1612
2001
2516
3138
3855
4713
5684
6025
6384
6763
7147
7545
7963
8413
8866
9332
9799
1.028e+004
1.076e+004
1.13e+004
1.18e+004
1.183e+004
1.186e+004
1.189e+004
1.193e+004
1.196e+004
1.199e+004
1.201e+004
1.205e+004


AccumulativeDemand
0
25.12
54.68
89.8
130.4
175.8
226.5
281.7
341.6
406.6
476.6
551.4
631
715.5
805.6
900.9
1001
1106
1216
1330
1450
1575
1705
1840
1979
2124
2273
2428
2588
2753
2923


AccumulativeOrdering
0
412.2
484.3
553.9
638.5
728.7
816.9
915.1
1011
1114
1223
1339
1457
1580
1709
1849
1991
2136
2284
2436
2590
2760
2915
2915
2915
2915
2915
2915
2915
2915
2915


AccumulativeHolding Cost
0
0
0
0
0
0
0
0
0
14.56
29.71
41.82
56.78
75.67
93.58
112.8
128.9
143.4
155.5
169.4
181.9
195.6
209.1
226.3
243.8
262.1
280.9
296.1
308.5
319.8
326.4


AccumulativeBacklogging Cost
0
50.25
159.6
339.2
600.1
951.7
1405
1968
2651
2669
2684
2703
2718
2730
2743
2753
2766
2780
2790
2799
2810
2827
2846
2862
2874
2886
2902
2916
2936
2945
2974


