The time it takes to compute per each caseis 0.1062 secs
The data is average of running the code 20 many times.
Planning Horizon is: 100
Leading Time is: 5
Discount Rate is: 1
Initial Inventory is: 0
This is a integer typed problem or not: 0
The Algorithm is: 2
The Distribution Type is: 3
The Distribution Parameters are:         50         5
Total Cost is: 1.774e+04
Total Demand is: 5004
Total Order is: 4960
Total Holding Cost is: 738.1
Total Backlogging Cost is: 2119

Period
0
1
2
3
4
5
6
7
8
9
10
11
12
13
14
15
16
17
18
19
20
21
22
23
24
25
26
27
28
29
30
31
32
33
34
35
36
37
38
39
40
41
42
43
44
45
46
47
48
49
50
51
52
53
54
55
56
57
58
59
60
61
62
63
64
65
66
67
68
69
70
71
72
73
74
75
76
77
78
79
80
81
82
83
84
85
86
87
88
89
90
91
92
93
94
95
96
97
98
99
100


InventoryPosition
0
254.2
254.7
254.4
255.2
254.9
255.9
255.7
254.3
256.1
255.2
257.2
256.6
254.9
257.2
254.8
255
256.1
255.2
253.6
255.4
255.2
255.4
254.8
254.6
254.5
255.1
256
255.8
255.3
255.1
255.3
254.5
254.6
254.2
254.8
255.5
256.2
257
253.6
253.5
254.1
254.3
254.2
255
253.8
256.5
257.1
254.8
255
256.7
256.5
255.1
254.8
253.2
254.3
254.2
254.7
254.3
254.1
256
253.6
254.7
256.8
254.7
255.7
255.2
257.7
256.9
256.1
255.9
255.3
255.8
255.9
256.2
254.7
254.2
256.4
254
256.4
255.7
256.1
256.5
256.8
253.7
254.7
254.5
254.6
254.1
255
256.4
255.1
254.3
256.5
255.5
206.1
157.4
106.6
54.6
4.598
-44.44


NetInventory
0
51.12
101.7
152.6
202.7
253.1
10.3
10.41
10.41
11.4
9.484
10.12
11.34
10.34
12.55
13.38
12.88
12.84
12.96
13.08
12.41
10.45
10.2
9.119
10.72
12.05
13.24
13.12
12.45
13.26
11.98
9.622
9.579
9.561
7.495
7.685
7.931
8.118
9.689
8.718
8.654
7.276
9.591
11.22
11.03
9.462
7.785
7.189
8.56
8.891
11.06
11.75
10.14
8.966
8.899
10.23
9.56
9.72
10.39
8.653
8.298
7.017
6.086
8.461
8.22
8.971
9.275
11.78
13.45
12.51
13.53
13.46
13.71
12.12
11.91
12.74
13.14
13.12
13.68
13.26
12.09
13.65
11.94
12.08
12.05
10.67
10.85
10.36
9.396
10.28
9.87
12.07
11.17
10.33
9.81
8.816
8.676
7.896
7.888
9.522
44.44


Cost
0
1018
356.7
456.8
558.1
656.5
165.3
161.7
162.3
167.2
158.9
161.4
156.9
157.4
164.7
159.5
166.1
165.9
163.5
167
171.7
163.1
163.2
161.6
166.2
168.3
170.5
168.2
164.1
165.8
165.3
162
161.5
164.5
162.1
163.6
162
159.9
158.9
155.4
166.1
164.7
166.8
169.5
170.7
165.7
165.4
155
155.1
162
163.7
158.2
157.1
160.8
162.2
169.4
166.3
168
167.8
166.8
165.5
158.1
163.5
162.8
156
162.6
160.6
163.6
157.5
158.9
162.4
162.8
165
162
161.6
162.7
168.4
169.3
164.5
171
162.2
166
161.2
160
159.1
167.2
165
165.6
165.1
168.8
164.1
163.1
165.8
165.9
157.9
9.61
9.275
8.413
8.93
11.98
88.88


Demand
0
51.12
50.55
50.9
50.1
50.41
49.41
49.55
50.98
49.16
50.06
48.09
48.64
50.42
48.07
50.48
50.24
49.18
50.05
51.66
49.85
50.07
49.87
50.47
50.68
50.75
50.18
49.23
49.46
50
50.22
49.98
50.74
50.71
51.04
50.44
49.82
49.11
48.25
51.72
51.82
51.18
50.94
51.1
50.25
51.48
48.82
48.22
50.52
50.26
48.55
48.76
50.19
50.45
52.08
50.95
51.12
50.57
51.01
51.21
49.27
51.64
50.56
48.48
50.57
49.61
50.05
47.56
48.35
49.21
49.33
50.02
49.51
49.38
49.09
50.53
51.03
48.85
51.3
48.88
49.58
49.21
48.81
48.47
51.58
50.55
50.75
50.68
51.17
50.26
48.9
50.21
50.97
48.79
49.82
49.36
48.65
50.82
52.03
50
49.04


Ordering
0
305.3
51.12
50.55
50.9
50.1
50.41
49.41
49.55
50.98
49.16
50.06
48.09
48.64
50.42
48.07
50.48
50.24
49.18
50.05
51.66
49.85
50.07
49.87
50.47
50.68
50.75
50.18
49.23
49.46
50
50.22
49.98
50.74
50.71
51.04
50.44
49.82
49.11
48.25
51.72
51.82
51.18
50.94
51.1
50.25
51.48
48.82
48.22
50.52
50.26
48.55
48.76
50.19
50.45
52.08
50.95
51.12
50.57
51.01
51.21
49.27
51.64
50.56
48.48
50.57
49.61
50.05
47.56
48.35
49.21
49.33
50.02
49.51
49.38
49.09
50.53
51.03
48.85
51.3
48.88
49.58
49.21
48.81
48.47
51.58
50.55
50.75
50.68
51.17
50.26
48.9
50.21
50.97
48.79
5.252e-14
0
0
0
0
0


HoldingCost
0
0
0
0
0
0
6.539
7.374
7.159
8.529
7.588
9.066
10.07
9.132
11.7
11.45
11.11
10.55
9.898
9.337
8.112
7.339
7.403
6.213
6.697
7.822
8.251
8.606
8.476
9.116
8.709
7.91
7.612
6.863
5.039
4.913
5.236
5.763
7.791
6.801
6.379
5.323
5.921
5.738
4.646
3.986
4.647
5.826
6.723
7.308
9.241
10.94
9.447
7.75
6.934
7.256
5.641
4.816
4.747
3.497
4.725
3.738
3.552
5.783
5.881
7.054
6.818
10.11
12.05
11.22
12.34
12.11
12.5
10.79
10.32
10.07
9.421
9.996
9.381
9.423
8.592
10.03
10.29
10.55
10.39
8.871
8.377
7.395
5.735
5.283
6.42
7.693
7.127
7.655
8.07
8.021
8.078
7.379
6.846
7.06
0


BackloggingCost
0
102.2
203.3
305.1
405.4
506.2
7.529
6.074
6.502
5.748
3.792
2.101
2.551
2.407
1.71
3.863
3.542
4.592
6.114
7.486
8.6
6.23
5.604
5.813
8.05
8.462
9.983
9.028
7.948
8.285
6.551
3.423
3.934
5.396
4.912
5.544
5.39
4.71
3.795
3.835
4.55
3.906
7.341
10.95
12.76
10.95
6.275
2.726
3.675
3.165
3.644
1.617
1.378
2.432
3.929
5.941
7.839
9.807
11.29
10.31
7.145
6.558
5.07
5.355
4.676
3.834
4.914
3.344
2.805
2.594
2.378
2.716
2.428
2.651
3.182
5.332
7.428
6.248
8.6
7.682
7.001
7.236
3.307
3.056
3.309
3.601
4.941
5.922
7.323
9.996
6.898
8.758
8.081
5.354
3.478
1.589
1.197
1.035
2.084
4.924
88.88


AccumulativeCost
0
1018
1375
1832
2390
3046
3211
3373
3535
3703
3861
4023
4180
4337
4502
4661
4827
4993
5157
5324
5496
5659
5822
5983
6150
6318
6488
6657
6821
6987
7152
7314
7475
7640
7802
7965
8127
8287
8446
8602
8768
8932
9099
9269
9439
9605
9770
9925
1.008e+04
1.024e+04
1.041e+04
1.056e+04
1.072e+04
1.088e+04
1.104e+04
1.121e+04
1.138e+04
1.155e+04
1.172e+04
1.188e+04
1.205e+04
1.221e+04
1.237e+04
1.253e+04
1.269e+04
1.285e+04
1.301e+04
1.318e+04
1.333e+04
1.349e+04
1.365e+04
1.382e+04
1.398e+04
1.414e+04
1.431e+04
1.447e+04
1.464e+04
1.481e+04
1.497e+04
1.514e+04
1.53e+04
1.547e+04
1.563e+04
1.579e+04
1.595e+04
1.612e+04
1.628e+04
1.645e+04
1.661e+04
1.678e+04
1.695e+04
1.711e+04
1.728e+04
1.744e+04
1.76e+04
1.761e+04
1.762e+04
1.763e+04
1.764e+04
1.765e+04
1.774e+04


AccumulativeDemand
0
51.12
101.7
152.6
202.7
253.1
302.5
352.1
403
452.2
502.3
550.3
599
649.4
697.5
747.9
798.2
847.4
897.4
949.1
998.9
1049
1099
1149
1200
1251
1301
1350
1400
1450
1500
1550
1601
1651
1702
1753
1803
1852
1900
1952
2004
2055
2106
2157
2207
2258
2307
2355
2406
2456
2505
2554
2604
2654
2706
2757
2808
2859
2910
2961
3010
3062
3113
3161
3212
3261
3311
3359
3407
3456
3506
3556
3605
3655
3704
3754
3805
3854
3906
3954
4004
4053
4102
4150
4202
4253
4303
4354
4405
4455
4504
4555
4606
4654
4704
4754
4802
4853
4905
4955
5004


AccumulativeOrdering
0
305.3
356.4
406.9
457.8
508
558.4
607.8
657.3
708.3
757.5
807.5
855.6
904.3
954.7
1003
1053
1103
1153
1203
1254
1304
1354
1404
1455
1505
1556
1606
1655
1705
1755
1805
1855
1906
1957
2008
2058
2108
2157
2205
2257
2309
2360
2411
2462
2512
2564
2613
2661
2711
2762
2810
2859
2909
2960
3012
3063
3114
3164
3215
3266
3316
3367
3418
3466
3517
3567
3617
3664
3713
3762
3811
3861
3911
3960
4009
4060
4111
4160
4211
4260
4309
4358
4407
4456
4507
4558
4609
4659
4710
4761
4810
4860
4911
4960
4960
4960
4960
4960
4960
4960


AccumulativeHolding Cost
0
0
0
0
0
0
6.539
13.91
21.07
29.6
37.19
46.26
56.32
65.46
77.15
88.61
99.72
110.3
120.2
129.5
137.6
145
152.4
158.6
165.3
173.1
181.3
189.9
198.4
207.5
216.2
224.2
231.8
238.6
243.7
248.6
253.8
259.6
267.4
274.2
280.5
285.9
291.8
297.5
302.2
306.2
310.8
316.6
323.4
330.7
339.9
350.9
360.3
368
375
382.2
387.9
392.7
397.4
400.9
405.7
409.4
413
418.7
424.6
431.7
438.5
448.6
460.7
471.9
484.2
496.3
508.8
519.6
529.9
540
549.4
559.4
568.8
578.2
586.8
596.8
607.1
617.7
628.1
637
645.3
652.7
658.5
663.7
670.2
677.9
685
692.6
700.7
708.7
716.8
724.2
731
738.1
738.1


AccumulativeBacklogging Cost
0
102.2
305.6
610.7
1016
1522
1530
1536
1542
1548
1552
1554
1557
1559
1561
1565
1568
1573
1579
1586
1595
1601
1607
1613
1621
1629
1639
1648
1656
1664
1671
1674
1678
1684
1688
1694
1699
1704
1708
1712
1716
1720
1728
1738
1751
1762
1768
1771
1775
1778
1782
1783
1785
1787
1791
1797
1805
1815
1826
1836
1843
1850
1855
1860
1865
1869
1874
1877
1880
1883
1885
1888
1890
1893
1896
1901
1909
1915
1924
1931
1938
1945
1949
1952
1955
1959
1964
1970
1977
1987
1994
2003
2011
2016
2019
2021
2022
2023
2025
2030
2119


