The time it takes to compute per each caseis 0.3276 secs
The data is average of running the code 20 many times.
Planning Horizon is: 100
Leading Time is: 5
Discount Rate is: 1
Initial Inventory is: 0
This is a integer typed problem or not: 0
The Algorithm is: 2
The Distribution Type is: 5
The Distribution Parameters are:          5     1.581        30         3
Total Cost is: 5.07e+04
Total Demand is: 1.627e+04
Total Order is: 1.599e+04
Total Holding Cost is: 572.9
Total Backlogging Cost is: 2155

Period
0
1
2
3
4
5
6
7
8
9
10
11
12
13
14
15
16
17
18
19
20
21
22
23
24
25
26
27
28
29
30
31
32
33
34
35
36
37
38
39
40
41
42
43
44
45
46
47
48
49
50
51
52
53
54
55
56
57
58
59
60
61
62
63
64
65
66
67
68
69
70
71
72
73
74
75
76
77
78
79
80
81
82
83
84
85
86
87
88
89
90
91
92
93
94
95
96
97
98
99
100


InventoryPosition
0
256.2
283.1
269.1
263.9
275.3
289.1
300.8
314.2
326.8
340.7
352.7
366.8
376.7
391.4
403.7
415.2
428
440.1
451.8
465.6
479.4
492.3
505.5
517.4
529.5
542.2
553.2
564.7
577.7
590.6
603.8
617.6
629.5
643.4
656.3
670.2
682.7
696.6
707.3
719.6
734.1
746.7
758.6
772.1
784.2
797.4
810.8
826
837.9
852.4
866.4
877.6
890.9
899.9
913.4
929.1
942.4
953.4
966.1
978
992.2
1004
1018
1032
1044
1056
1066
1082
1095
1109
1120
1132
1143
1155
1166
1178
1191
1203
1216
1229
1241
1255
1266
1281
1293
1304
1317
1330
1342
1354
1366
1379
1392
1404
1129
852.2
572.2
289.9
4.996
-282


NetInventory
0
35.25
75.16
117.4
161.4
208.7
33.42
47.98
21.42
7.313
5.988
7.6
7.096
5.598
7.868
6.595
7.423
6.769
5.83
7.972
6.574
6.69
6.913
8.256
7.211
6.882
6.85
7.887
7.543
7.489
8.288
7.88
8.316
7.081
6.463
6.051
7.731
6.197
7.063
6.567
6.292
5.41
5.793
5.876
6.737
8.963
8.085
9.336
8.998
6.779
6.804
5.884
8.21
7.234
6.739
7.02
8.251
7.757
8.098
7.355
8.377
8.797
6.634
5.077
6.611
4.855
5.385
5.416
6.942
6.334
8.121
6.863
6.006
7.764
8.31
9.983
9.228
10.69
8.889
6.919
6.755
6.051
8.384
8.121
8.867
8.957
7.62
7.293
6.258
9.04
8.756
6.262
6.047
6.863
7.369
7.286
6.756
7.99
9.831
10.36
282


Cost
0
945
350.6
319.4
439
593.7
222.9
239.8
226
219.8
228.9
234.2
245.3
240.7
264
261.2
268.7
277.6
282.6
292.7
305.3
313.2
319.2
329
331.4
338.3
344.8
348.8
357.8
369.8
379.2
387.8
398.1
400.6
413
418.1
430.4
432.1
443.5
441.2
454.6
465.3
467.9
474.3
488.2
495.9
505.8
517.7
529.5
526.5
542.2
544.8
548.3
556.4
553.6
575.7
589.6
589.1
591.2
604
611.6
623.6
621.4
636.9
646
643.4
650.3
656.8
680.7
678.9
692.2
688.6
699.1
701.3
713.4
717.2
729.4
740.9
744.3
751.4
760.5
766.3
780.4
781.4
800.5
797.6
801.5
811.7
819.5
825.6
834.7
838.3
847.9
855.9
862.5
8.622
7.868
9.535
12.11
13.04
563.9


Demand
0
35.25
39.91
42.24
43.95
47.36
49.37
52.22
54.77
57.48
59.77
62.64
64.39
67.85
69.81
72.1
74.96
77.16
79.64
82.76
85.25
87.72
90.38
92.57
95.1
97.57
99.6
102.2
105
107.5
110.2
112.9
115.1
118.2
120.7
123.4
125.8
128.6
130.4
133.4
136.4
138.4
141
143.9
146.1
149
151.8
154.7
156.8
160.1
162.5
164.5
167.4
168.9
172.5
175.5
177.4
179.7
182.6
184.9
187.9
189.9
193.2
195.8
197.7
200.3
202.6
206.2
208.2
211
212.9
215.6
217.5
220.2
222.2
224.9
227.6
229.8
232.6
235.2
237.6
240.5
242.5
245.8
247.6
249.9
252.8
255.2
257.4
260.1
262.4
265.1
267.6
269.9
272.2
274.7
277.1
280
282.3
284.9
287


Ordering
0
291.5
66.78
28.21
38.77
58.74
63.16
63.95
68.2
70.07
73.59
74.65
78.52
77.79
84.45
84.41
86.46
89.95
91.79
94.39
99.13
101.5
103.3
105.8
107
109.7
112.2
113.2
116.5
120.4
123.1
126.1
129
130.1
134.5
136.4
139.7
141.1
144.4
144.1
148.7
152.9
153.6
155.8
159.6
161
165
168.1
172
172.1
177
178.4
178.6
182.3
181.5
189
193.2
193
193.5
197.6
199.8
204.2
204.5
210
212.3
212.2
214.5
216.4
223.9
223.8
227.2
226.5
230.2
230.7
234.7
235.5
239.8
242.9
244.6
247.9
250.7
252.8
256.4
256.7
262.8
261.9
263.8
267.6
270.6
271.7
274.8
277
280.3
282.7
284.6
3.22e-13
0
0
0
0
0


HoldingCost
0
0
0
0
0
0
33.42
47.98
21.42
5.011
3.837
4.899
4.426
3.854
5.117
5.227
5.484
5.838
4.442
6.359
5.241
4.667
4.562
4.845
3.967
4.584
5.514
6.585
6.812
6.545
6.712
6.16
5.414
3.938
3.519
3.163
4.111
3.533
3.798
4.123
4.005
4.203
4.436
4.743
4.175
5.129
5.248
5.304
4.598
3.248
2.511
2.298
3.825
4.885
4.418
5.318
6.428
5.594
5.599
3.538
4.618
6.444
5.283
3.354
4.056
2.919
3.98
3.148
4.827
5.146
5.665
4.485
3.468
6.18
7.253
9.221
8.285
9.204
7.349
6.126
5
4.3
5.689
4.947
5.458
5.883
5.24
5.673
4.808
7.549
7.125
5.274
5.186
5.95
5.967
5.95
5.644
6.446
7.551
7.678
0


BackloggingCost
0
70.51
150.3
234.8
322.7
417.4
0
0
0
4.604
4.302
5.402
5.339
3.489
5.502
2.735
3.877
1.863
2.775
3.224
2.667
4.046
4.701
6.823
6.489
4.596
2.673
2.605
1.462
1.888
3.151
3.44
5.805
6.286
5.887
5.777
7.24
5.327
6.53
4.888
4.574
2.415
2.715
2.267
5.123
7.668
5.674
8.064
8.798
7.06
8.586
7.171
8.77
4.699
4.64
3.403
3.645
4.324
4.999
7.634
7.518
4.706
2.701
3.445
5.11
3.872
2.811
4.536
4.23
2.375
4.911
4.755
5.076
3.169
2.113
1.524
1.887
2.975
3.079
1.585
3.511
3.503
5.391
6.349
6.82
6.149
4.759
3.24
2.899
2.983
3.263
1.976
1.721
1.825
2.804
2.672
2.224
3.089
4.561
5.364
563.9


AccumulativeCost
0
945
1296
1615
2054
2648
2871
3110
3336
3556
3785
4019
4265
4506
4769
5031
5299
5577
5860
6152
6458
6771
7090
7419
7750
8089
8434
8782
9140
9510
9889
1.028e+04
1.067e+04
1.108e+04
1.149e+04
1.191e+04
1.234e+04
1.277e+04
1.321e+04
1.365e+04
1.411e+04
1.457e+04
1.504e+04
1.552e+04
1.6e+04
1.65e+04
1.701e+04
1.752e+04
1.805e+04
1.858e+04
1.912e+04
1.967e+04
2.021e+04
2.077e+04
2.132e+04
2.19e+04
2.249e+04
2.308e+04
2.367e+04
2.427e+04
2.489e+04
2.551e+04
2.613e+04
2.677e+04
2.741e+04
2.806e+04
2.871e+04
2.936e+04
3.004e+04
3.072e+04
3.142e+04
3.21e+04
3.28e+04
3.351e+04
3.422e+04
3.494e+04
3.567e+04
3.641e+04
3.715e+04
3.79e+04
3.866e+04
3.943e+04
4.021e+04
4.099e+04
4.179e+04
4.259e+04
4.339e+04
4.42e+04
4.502e+04
4.585e+04
4.668e+04
4.752e+04
4.837e+04
4.922e+04
5.009e+04
5.009e+04
5.01e+04
5.011e+04
5.012e+04
5.014e+04
5.07e+04


AccumulativeDemand
0
35.25
75.16
117.4
161.4
208.7
258.1
310.3
365.1
422.5
482.3
545
609.3
677.2
747
819.1
894.1
971.2
1051
1134
1219
1307
1397
1490
1585
1682
1782
1884
1989
2096
2207
2320
2435
2553
2674
2797
2923
3051
3182
3315
3452
3590
3731
3875
4021
4170
4322
4476
4633
4793
4956
5120
5288
5457
5629
5805
5982
6162
6344
6529
6717
6907
7100
7296
7494
7694
7897
8103
8311
8522
8735
8951
9168
9389
9611
9836
1.006e+04
1.029e+04
1.053e+04
1.076e+04
1.1e+04
1.124e+04
1.148e+04
1.173e+04
1.197e+04
1.222e+04
1.248e+04
1.273e+04
1.299e+04
1.325e+04
1.351e+04
1.378e+04
1.405e+04
1.432e+04
1.459e+04
1.486e+04
1.514e+04
1.542e+04
1.57e+04
1.599e+04
1.627e+04


AccumulativeOrdering
0
291.5
358.3
386.5
425.3
484
547.2
611.1
679.3
749.4
823
897.6
976.1
1054
1138
1223
1309
1399
1491
1585
1685
1786
1889
1995
2102
2212
2324
2437
2554
2674
2797
2923
3052
3182
3317
3453
3593
3734
3878
4023
4171
4324
4478
4633
4793
4954
5119
5287
5459
5631
5808
5987
6165
6348
6529
6718
6911
7104
7298
7495
7695
7899
8104
8314
8526
8738
8953
9169
9393
9617
9844
1.007e+04
1.03e+04
1.053e+04
1.077e+04
1.1e+04
1.124e+04
1.148e+04
1.173e+04
1.198e+04
1.223e+04
1.248e+04
1.274e+04
1.299e+04
1.326e+04
1.352e+04
1.378e+04
1.405e+04
1.432e+04
1.459e+04
1.487e+04
1.514e+04
1.542e+04
1.571e+04
1.599e+04
1.599e+04
1.599e+04
1.599e+04
1.599e+04
1.599e+04
1.599e+04


AccumulativeHolding Cost
0
0
0
0
0
0
33.42
81.39
102.8
107.8
111.7
116.6
121
124.8
130
135.2
140.7
146.5
151
157.3
162.6
167.2
171.8
176.6
180.6
185.2
190.7
197.3
204.1
210.6
217.3
223.5
228.9
232.9
236.4
239.5
243.7
247.2
251
255.1
259.1
263.3
267.7
272.5
276.7
281.8
287
292.3
296.9
300.2
302.7
305
308.8
313.7
318.1
323.5
329.9
335.5
341.1
344.6
349.2
355.7
361
364.3
368.4
371.3
375.3
378.4
383.2
388.4
394
398.5
402
408.2
415.4
424.7
432.9
442.1
449.5
455.6
460.6
464.9
470.6
475.6
481
486.9
492.1
497.8
502.6
510.2
517.3
522.6
527.7
533.7
539.7
545.6
551.3
557.7
565.3
572.9
572.9


AccumulativeBacklogging Cost
0
70.51
220.8
455.6
778.3
1196
1196
1196
1196
1200
1205
1210
1215
1219
1224
1227
1231
1233
1236
1239
1242
1246
1250
1257
1264
1268
1271
1273
1275
1277
1280
1283
1289
1296
1301
1307
1314
1320
1326
1331
1336
1338
1341
1343
1348
1356
1362
1370
1378
1386
1394
1401
1410
1415
1419
1423
1426
1431
1436
1443
1451
1456
1458
1462
1467
1471
1474
1478
1482
1485
1490
1494
1499
1503
1505
1506
1508
1511
1514
1516
1519
1523
1528
1535
1541
1547
1552
1555
1558
1561
1565
1567
1568
1570
1573
1576
1578
1581
1586
1591
2155


