The time it takes to compute per each caseis 0.1182 secs
The data is average of running the code 20 many times.
Planning Horizon is: 100
Leading Time is: 5
Discount Rate is: 1
Initial Inventory is: 0
This is a integer typed problem or not: 0
The Algorithm is: 2
The Distribution Type is: 4
The Distribution Parameters are:          5     1.581        30
Total Cost is: 8.684e+04
Total Demand is: 2.819e+04
Total Order is: 2.766e+04
Total Holding Cost is: 903.4
Total Backlogging Cost is: 2955

Period
0
1
2
3
4
5
6
7
8
9
10
11
12
13
14
15
16
17
18
19
20
21
22
23
24
25
26
27
28
29
30
31
32
33
34
35
36
37
38
39
40
41
42
43
44
45
46
47
48
49
50
51
52
53
54
55
56
57
58
59
60
61
62
63
64
65
66
67
68
69
70
71
72
73
74
75
76
77
78
79
80
81
82
83
84
85
86
87
88
89
90
91
92
93
94
95
96
97
98
99
100


InventoryPosition
0
256.1
283.5
308.8
332.7
354.2
379.6
400.5
426.4
449.3
476.9
501
526.8
555.4
579.3
605.7
626
649.6
678
701.3
726.8
751
773.2
798
824.9
849.1
872.2
896.8
923.9
949.4
977.6
1000
1028
1050
1074
1101
1126
1155
1181
1206
1228
1251
1279
1302
1327
1354
1377
1400
1426
1452
1478
1502
1529
1553
1574
1600
1625
1649
1679
1702
1725
1748
1778
1804
1830
1855
1880
1905
1931
1957
1979
2006
2032
2054
2080
2107
2130
2154
2179
2203
2229
2255
2276
2298
2324
2350
2376
2407
2432
2457
2479
2504
2533
2560
2585
2079
1568
1051
528.3
0.7247
-532.2


NetInventory
0
35.41
75.81
120.9
170.5
225
9.989
15.28
15.71
18.12
13.79
14.13
11.48
12.54
14.1
14.59
10.28
13.14
10.91
10.71
11.56
9.606
14.11
13
11.88
12.41
13.28
12.07
9.79
10.09
10.02
9.153
10.48
12.33
11.92
13.96
13.53
17.11
16.31
14.62
12.29
11.63
15.91
16.05
16.31
12.15
12.08
12.27
13.22
14.7
15.36
12.57
14.18
12.99
12.64
12.57
10.72
11.4
10.73
8.866
13.73
14.73
14.85
13.89
15.34
20.22
15.01
13.99
13.86
10.5
12.8
10.58
12.79
10.89
11.03
10.47
14.45
14.7
15.25
17.28
15.75
13.06
14.36
13.88
12.33
15.43
17.65
14.17
12.9
15.21
13.36
11.27
11.46
11.53
13.2
9.727
10.03
8.452
9.05
11.09
532.2


Cost
0
945.3
355.2
453
561.2
677.8
264
271.5
300.6
311.6
335.3
341.2
361.4
385.8
390.7
410.4
400.2
430.3
453.7
453.4
474.9
483.7
499.8
519.8
539.6
545.9
559
579.1
599.1
610.4
633.2
632.8
664.1
664.4
682.8
709.2
720.5
753.6
761.1
769.2
769.2
789.9
820.1
819.9
842.7
860
857.9
877.7
900.7
919.6
932.7
940.3
967.9
970.6
974.1
1006
1013
1025
1059
1052
1072
1089
1129
1129
1148
1171
1177
1188
1206
1214
1223
1250
1261
1264
1292
1307
1315
1333
1354
1367
1385
1397
1395
1414
1436
1460
1478
1506
1506
1520
1525
1550
1571
1584
1594
14.4
15.03
11.67
12.25
16.27
1064


Demand
0
35.41
40.41
45.12
49.53
54.49
58.82
63.93
68.65
74.05
78.95
84.17
89.74
94.57
99.68
103.9
108.7
114.2
119
124
128.8
133.3
138.4
143.6
148.5
153.1
158.1
163.5
168.7
174.2
178.8
184.2
188.8
193.6
198.9
203.9
209.6
214.9
219.8
224.2
229
234.4
239.1
244.1
249.5
254
258.8
263.9
269.1
274.2
279.1
284.4
289.2
293.5
298.8
303.8
308.6
314.4
319
323.7
328.4
334.3
339.5
344.7
349.8
354.8
359.7
364.9
369.9
374.6
380
384.9
389.5
394.8
400
404.6
409.5
414.5
419.3
424.5
429.6
433.8
438.4
443.5
448.8
454.1
460
465.1
469.9
474.5
479.7
485.3
490.7
495.7
500.5
506.1
511.4
516.9
522.6
527.6
532.9


Ordering
0
291.5
67.87
70.38
73.41
75.97
84.29
84.8
94.58
96.94
106.5
108.3
115.5
123.1
123.6
130.3
129
137.8
147.4
147.3
154.3
157.5
160.6
168.4
175.4
177.4
181.2
188
195.8
199.6
207
206.8
216.5
216
222.5
230.8
234.3
243.8
246.1
249.4
250.8
258
266.7
266.9
274.4
281.7
280.9
287.9
294.7
300.3
304.8
308.1
316.3
318
319.6
330.3
333.7
337.7
349
347.1
351.4
356.7
369.6
370.6
376
380.4
384.7
389.5
395.7
400.3
402.3
412.4
414.9
417.1
426.4
431.2
432.5
438.5
444.6
448.2
455.2
460.4
459.3
465.9
473.8
480.7
485.6
495.8
495.6
498.9
501.9
511.1
518.9
523.2
525.7
5.21e-13
0
0
0
0
0


HoldingCost
0
0
0
0
0
0
8.854
13.47
14.55
15.43
11.78
12.01
8.213
8.744
8.154
9.713
7.354
9.429
10.4
10.07
11.25
8.099
10.08
11.41
10.29
11.15
11.28
9.193
7.919
8.673
7.931
6.014
6.322
8.369
8.53
11.1
9.482
12.09
9.815
8.105
7.811
7.414
11.94
13.01
13.07
9.403
8.971
10.46
9.832
10.65
12.31
9.175
9.327
9.324
9.898
10.36
9.186
10.47
9.614
6.63
10.03
10.22
9.39
11.08
10.44
11.18
7.028
8.873
9.139
8.195
9.586
8.365
9.456
8.957
9.177
7.701
11.14
11.45
10.6
12.6
12.65
10.64
11.34
11.69
10.62
12.76
14.04
9.379
6.75
7.574
7.145
6.259
8.904
8.883
8.93
5.059
5.035
5.237
5.848
5.905
0


BackloggingCost
0
70.82
151.6
241.9
340.9
449.9
2.271
3.63
2.326
5.371
4.029
4.253
6.542
7.597
11.89
9.751
5.85
7.42
1.017
1.288
0.6353
3.015
8.069
3.183
3.18
2.529
3.998
5.75
3.742
2.829
4.187
6.278
8.321
7.917
6.776
5.73
8.096
10.04
12.98
13.02
8.95
8.431
7.945
6.084
6.485
5.489
6.212
3.619
6.779
8.098
6.113
6.787
9.702
7.324
5.475
4.42
3.073
1.846
2.225
4.472
7.402
9.016
10.91
5.614
9.804
18.09
15.97
10.24
9.433
4.611
6.438
4.436
6.659
3.857
3.703
5.529
6.608
6.514
9.298
9.346
6.197
4.844
6.044
4.376
3.417
5.345
7.218
9.588
12.3
15.27
12.42
10.03
5.106
5.296
8.532
9.337
9.992
6.43
6.403
10.36
1064


AccumulativeCost
0
945.3
1301
1754
2315
2993
3257
3528
3829
4140
4476
4817
5178
5564
5955
6365
6765
7196
7649
8103
8577
9061
9561
1.008e+04
1.062e+04
1.117e+04
1.173e+04
1.23e+04
1.29e+04
1.351e+04
1.415e+04
1.478e+04
1.544e+04
1.611e+04
1.679e+04
1.75e+04
1.822e+04
1.897e+04
1.974e+04
2.05e+04
2.127e+04
2.206e+04
2.288e+04
2.37e+04
2.455e+04
2.541e+04
2.626e+04
2.714e+04
2.804e+04
2.896e+04
2.99e+04
3.084e+04
3.18e+04
3.277e+04
3.375e+04
3.475e+04
3.577e+04
3.679e+04
3.785e+04
3.89e+04
3.998e+04
4.106e+04
4.219e+04
4.332e+04
4.447e+04
4.564e+04
4.682e+04
4.801e+04
4.921e+04
5.043e+04
5.165e+04
5.29e+04
5.416e+04
5.542e+04
5.671e+04
5.802e+04
5.934e+04
6.067e+04
6.202e+04
6.339e+04
6.478e+04
6.617e+04
6.757e+04
6.898e+04
7.042e+04
7.188e+04
7.335e+04
7.486e+04
7.637e+04
7.789e+04
7.941e+04
8.096e+04
8.253e+04
8.412e+04
8.571e+04
8.572e+04
8.574e+04
8.575e+04
8.576e+04
8.578e+04
8.684e+04


AccumulativeDemand
0
35.41
75.81
120.9
170.5
225
283.8
347.7
416.4
490.4
569.4
653.5
743.3
837.8
937.5
1041
1150
1264
1383
1507
1636
1770
1908
2052
2200
2353
2511
2675
2843
3018
3196
3381
3569
3763
3962
4166
4375
4590
4810
5034
5263
5498
5737
5981
6230
6484
6743
7007
7276
7551
7830
8114
8403
8697
8995
9299
9608
9922
1.024e+04
1.056e+04
1.089e+04
1.123e+04
1.157e+04
1.191e+04
1.226e+04
1.262e+04
1.298e+04
1.334e+04
1.371e+04
1.409e+04
1.447e+04
1.485e+04
1.524e+04
1.563e+04
1.603e+04
1.644e+04
1.685e+04
1.726e+04
1.768e+04
1.811e+04
1.854e+04
1.897e+04
1.941e+04
1.985e+04
2.03e+04
2.076e+04
2.122e+04
2.168e+04
2.215e+04
2.262e+04
2.31e+04
2.359e+04
2.408e+04
2.458e+04
2.508e+04
2.558e+04
2.609e+04
2.661e+04
2.713e+04
2.766e+04
2.819e+04


AccumulativeOrdering
0
291.5
359.4
429.7
503.2
579.1
663.4
748.2
842.8
939.7
1046
1155
1270
1393
1517
1647
1776
1914
2061
2209
2363
2521
2681
2849
3025
3202
3383
3572
3767
3967
4174
4381
4597
4813
5036
5267
5501
5745
5991
6240
6491
6749
7016
7283
7557
7839
8120
8408
8702
9003
9307
9615
9932
1.025e+04
1.057e+04
1.09e+04
1.123e+04
1.157e+04
1.192e+04
1.227e+04
1.262e+04
1.298e+04
1.334e+04
1.372e+04
1.409e+04
1.447e+04
1.486e+04
1.525e+04
1.564e+04
1.604e+04
1.644e+04
1.686e+04
1.727e+04
1.769e+04
1.812e+04
1.855e+04
1.898e+04
1.942e+04
1.986e+04
2.031e+04
2.077e+04
2.123e+04
2.168e+04
2.215e+04
2.262e+04
2.311e+04
2.359e+04
2.409e+04
2.458e+04
2.508e+04
2.558e+04
2.609e+04
2.661e+04
2.714e+04
2.766e+04
2.766e+04
2.766e+04
2.766e+04
2.766e+04
2.766e+04
2.766e+04


AccumulativeHolding Cost
0
0
0
0
0
0
8.854
22.32
36.87
52.3
64.08
76.08
84.3
93.04
101.2
110.9
118.3
127.7
138.1
148.2
159.4
167.5
177.6
189
199.3
210.4
221.7
230.9
238.8
247.5
255.4
261.4
267.8
276.1
284.7
295.8
305.2
317.3
327.1
335.3
343.1
350.5
362.4
375.4
388.5
397.9
406.9
417.3
427.2
437.8
450.1
459.3
468.6
477.9
487.8
498.2
507.4
517.9
527.5
534.1
544.1
554.4
563.7
574.8
585.3
596.4
603.5
612.3
621.5
629.7
639.3
647.6
657.1
666
675.2
682.9
694.1
705.5
716.1
728.7
741.4
752
763.4
775
785.7
798.4
812.5
821.8
828.6
836.2
843.3
849.6
858.5
867.4
876.3
881.3
886.4
891.6
897.5
903.4
903.4


AccumulativeBacklogging Cost
0
70.82
222.4
464.3
805.2
1255
1257
1261
1263
1269
1273
1277
1284
1291
1303
1313
1319
1326
1327
1328
1329
1332
1340
1343
1346
1349
1353
1359
1362
1365
1370
1376
1384
1392
1399
1405
1413
1423
1436
1449
1458
1466
1474
1480
1487
1492
1498
1502
1509
1517
1523
1530
1539
1547
1552
1557
1560
1562
1564
1568
1576
1585
1596
1601
1611
1629
1645
1655
1665
1669
1676
1680
1687
1691
1694
1700
1707
1713
1722
1732
1738
1743
1749
1753
1757
1762
1769
1779
1791
1806
1819
1829
1834
1839
1848
1857
1867
1873
1880
1890
2955


