The time it takes to compute per each caseis 0.1067 secs
The data is average of running the code 20 many times.
Planning Horizon is: 100
Leading Time is: 5
Discount Rate is: 1
Initial Inventory is: 0
This is a integer typed problem or not: 1
The Algorithm is: 2
The Distribution Type is: 2
The Distribution Parameters are:         10       0.5        30
Total Cost is: 8.604e+04
Total Demand is: 2.793e+04
Total Order is: 2.742e+04
Total Holding Cost is: 996.8
Total Backlogging Cost is: 2790

Period
0
1
2
3
4
5
6
7
8
9
10
11
12
13
14
15
16
17
18
19
20
21
22
23
24
25
26
27
28
29
30
31
32
33
34
35
36
37
38
39
40
41
42
43
44
45
46
47
48
49
50
51
52
53
54
55
56
57
58
59
60
61
62
63
64
65
66
67
68
69
70
71
72
73
74
75
76
77
78
79
80
81
82
83
84
85
86
87
88
89
90
91
92
93
94
95
96
97
98
99
100


InventoryPosition
0
256.6
281.6
303.6
327.6
353.2
375.4
399.6
422.4
451.3
477.1
496.3
525.5
548.7
573.5
597.5
625.4
650.1
677.6
703.7
725.6
753.3
772.7
799.1
823.6
846.7
872.3
897
921.5
947.8
968.8
996.7
1019
1050
1073
1097
1121
1149
1172
1196
1221
1248
1273
1302
1326
1350
1376
1401
1423
1448
1473
1495
1520
1544
1566
1594
1618
1639
1667
1690
1714
1738
1761
1785
1810
1832
1858
1883
1907
1930
1950
1978
2002
2028
2053
2075
2101
2127
2152
2179
2204
2231
2256
2281
2308
2331
2355
2381
2409
2434
2458
2482
2508
2531
2554
2056
1552
1043
529.9
11.5
-512.7


NetInventory
0
34.9
74.3
118.6
167.8
221.6
14.3
13.95
11.65
16.35
12.55
13.6
11.15
12.45
12.1
14.7
12.75
13.6
12.35
14
14.05
14.65
12.65
12.25
12.25
14.05
16.1
14.55
12.8
14
12.75
11.9
15.4
13.45
13.55
9.5
12.15
13.6
16.45
13.45
13.05
13
13.3
10.55
10.3
12.3
13.7
12.35
12.4
13.2
15
16.1
18.6
15.75
14.05
15.6
16.8
14.9
15.05
12.15
14.3
15.55
10.75
15.6
15.85
14.05
13.95
12.3
11.8
13.7
13.05
14.15
14.55
14.2
14.2
11.85
12
14.1
12.25
11.95
11.8
11.65
10.35
9.75
9.2
11.75
11.7
11.65
13.5
12.35
13.9
13
16.1
14.35
12.55
14.8
12.9
15.75
14
17.4
512.7


Cost
0
944.3
341.9
435.8
555.4
681
258.1
277.2
287.6
328.5
325.4
325.5
366.3
366.2
382.8
400.7
427.4
433.6
456.9
469.1
473.2
502.1
489.7
523
530.2
545.2
569.5
581.6
592.8
613.3
612.9
645.8
652.9
687.5
680.2
692.6
712.8
741.5
743.2
758.7
774.5
798.6
807.6
834
832.4
852.1
871.2
881.4
884.8
909
927.4
931.8
960
968.5
973.1
1008
1014
1015
1052
1046
1068
1082
1088
1113
1128
1133
1156
1170
1179
1189
1196
1238
1241
1260
1273
1281
1305
1322
1335
1354
1364
1386
1393
1411
1426
1433
1452
1476
1497
1501
1517
1530
1553
1555
1568
17.05
14
17.35
15.1
20.35
1025


Demand
0
34.9
39.4
44.25
49.25
53.75
58.55
63.3
68.95
73.95
78.1
83.75
88.45
93.4
98.3
103.8
108.8
114.3
119.3
123.9
129.2
133.3
138.5
143.3
148
153.2
158.1
163.1
168.2
172.6
178
182.8
188.6
193.2
198
202.9
208.4
213.1
218
222.9
228.3
233.3
239.1
243.9
248.8
253.9
258.8
263.3
268.2
273.2
277.6
282.6
287.5
292
297.4
302.2
306.5
312.1
316.6
321.4
326.2
330.8
335.8
340.6
345.2
350.2
355.2
360
364.5
368.7
374.2
379.1
384.2
389.1
393.8
399
404.2
409.3
414.6
419.6
424.9
429.8
434.9
440.2
444.8
449.8
455
460.5
465.4
470.3
475.1
480.2
484.8
489.6
494.4
499
503.6
508.7
513.4
518.4
524.2


Ordering
0
291.5
64.45
66.25
73.25
79.3
80.8
87.5
91.7
102.9
103.9
102.9
117.6
116.6
123.1
127.8
136.7
138.9
146.8
149.9
151
160.9
157.9
169.8
172.5
176.2
183.8
187.8
192.7
198.9
199.1
210.6
211.1
223.5
221.2
226.7
232.5
241
241.1
247.4
252.7
260.6
263.8
273.4
272.8
278.2
284.2
288.3
290.2
297.8
303.2
304.3
312.6
316.6
319.1
330.1
331
332.6
344.9
343.8
350.7
354.8
358.7
365.1
369.9
372.7
380.3
385.3
388.7
391.4
394
407.3
408.4
414.8
418.9
421.8
430.2
434.9
439.9
446.4
449.3
456.8
459.8
465.9
471.4
472.6
479.3
486.9
493.1
495.2
499.5
504
510.6
512.6
518.1
0
0
0
0
0
0


HoldingCost
0
0
0
0
0
0
12.85
13.25
10.75
12.75
11.45
10.5
8.8
8.6
10.7
12.05
8.15
10.25
8.3
8.75
8.1
10.1
9.3
10.85
11.8
11.65
14.1
10.75
10.7
11.25
9.75
9.85
11.2
9.95
10.45
6.5
8.95
8.7
12.9
10.55
9.55
9.1
10.2
7.4
6.6
7
8.6
8.15
10.8
11
12.15
13.45
15.1
12.8
12.15
13.4
12.9
12.25
12.35
9.7
12.7
13.4
9.4
13.95
13.35
12.7
12.45
10.95
11
12.55
11.45
12.6
13.35
12.95
11.75
8.05
9.7
10.3
9.5
9.05
7.45
7.55
6.85
6.4
6.95
8
8.85
8.45
9.6
9.6
9.1
8.2
10.8
11.65
11.15
12.55
11.8
14.15
12.9
14.45
0


BackloggingCost
0
69.8
148.6
237.1
335.6
443.1
2.9
1.4
1.8
7.2
2.2
6.2
4.7
7.7
2.8
5.3
9.2
6.7
8.1
10.5
11.9
9.1
6.7
2.8
0.9
4.8
4
7.6
4.2
5.5
6
4.1
8.4
7
6.2
6
6.4
9.8
7.1
5.8
7
7.8
6.2
6.3
7.4
10.6
10.2
8.4
3.2
4.4
5.7
5.3
7
5.9
3.8
4.4
7.8
5.3
5.4
4.9
3.2
4.3
2.7
3.3
5
2.7
3
2.7
1.6
2.3
3.2
3.1
2.4
2.5
4.9
7.6
4.6
7.6
5.5
5.8
8.7
8.2
7
6.7
4.5
7.5
5.7
6.4
7.8
5.5
9.6
9.6
10.6
5.4
2.8
4.5
2.2
3.2
2.2
5.9
1025


AccumulativeCost
0
944.3
1286
1722
2277
2958
3217
3494
3781
4110
4435
4761
5127
5493
5876
6277
6704
7138
7595
8064
8537
9039
9529
1.005e+04
1.058e+04
1.113e+04
1.17e+04
1.228e+04
1.287e+04
1.348e+04
1.41e+04
1.474e+04
1.54e+04
1.608e+04
1.676e+04
1.746e+04
1.817e+04
1.891e+04
1.965e+04
2.041e+04
2.119e+04
2.199e+04
2.279e+04
2.363e+04
2.446e+04
2.531e+04
2.618e+04
2.706e+04
2.795e+04
2.886e+04
2.979e+04
3.072e+04
3.168e+04
3.265e+04
3.362e+04
3.463e+04
3.564e+04
3.666e+04
3.771e+04
3.875e+04
3.982e+04
4.09e+04
4.199e+04
4.311e+04
4.423e+04
4.537e+04
4.652e+04
4.769e+04
4.887e+04
5.006e+04
5.126e+04
5.249e+04
5.374e+04
5.5e+04
5.627e+04
5.755e+04
5.885e+04
6.018e+04
6.151e+04
6.287e+04
6.423e+04
6.562e+04
6.701e+04
6.842e+04
6.985e+04
7.128e+04
7.273e+04
7.421e+04
7.57e+04
7.72e+04
7.872e+04
8.025e+04
8.18e+04
8.336e+04
8.493e+04
8.494e+04
8.496e+04
8.498e+04
8.499e+04
8.501e+04
8.604e+04


AccumulativeDemand
0
34.9
74.3
118.6
167.8
221.6
280.1
343.4
412.3
486.3
564.4
648.1
736.6
830
928.3
1032
1141
1255
1374
1498
1627
1761
1899
2043
2191
2344
2502
2665
2833
3006
3184
3366
3555
3748
3946
4149
4357
4570
4788
5011
5240
5473
5712
5956
6205
6459
6717
6981
7249
7522
7800
8082
8370
8662
8959
9262
9568
9880
1.02e+04
1.052e+04
1.084e+04
1.118e+04
1.151e+04
1.185e+04
1.22e+04
1.255e+04
1.29e+04
1.326e+04
1.363e+04
1.4e+04
1.437e+04
1.475e+04
1.513e+04
1.552e+04
1.592e+04
1.631e+04
1.672e+04
1.713e+04
1.754e+04
1.796e+04
1.839e+04
1.882e+04
1.925e+04
1.969e+04
2.014e+04
2.059e+04
2.104e+04
2.15e+04
2.197e+04
2.244e+04
2.291e+04
2.339e+04
2.388e+04
2.437e+04
2.486e+04
2.536e+04
2.586e+04
2.637e+04
2.689e+04
2.741e+04
2.793e+04


AccumulativeOrdering
0
291.5
355.9
422.2
495.5
574.8
655.5
743
834.7
937.6
1042
1144
1262
1379
1502
1630
1766
1905
2052
2202
2353
2514
2672
2842
3014
3190
3374
3562
3755
3954
4153
4363
4574
4798
5019
5246
5478
5719
5960
6208
6460
6721
6985
7258
7531
7809
8093
8381
8672
8970
9273
9577
9890
1.021e+04
1.053e+04
1.086e+04
1.119e+04
1.152e+04
1.186e+04
1.221e+04
1.256e+04
1.291e+04
1.327e+04
1.364e+04
1.401e+04
1.438e+04
1.476e+04
1.515e+04
1.553e+04
1.593e+04
1.632e+04
1.673e+04
1.713e+04
1.755e+04
1.797e+04
1.839e+04
1.882e+04
1.926e+04
1.97e+04
2.014e+04
2.059e+04
2.105e+04
2.151e+04
2.197e+04
2.244e+04
2.292e+04
2.34e+04
2.388e+04
2.438e+04
2.487e+04
2.537e+04
2.588e+04
2.639e+04
2.69e+04
2.742e+04
2.742e+04
2.742e+04
2.742e+04
2.742e+04
2.742e+04
2.742e+04


AccumulativeHolding Cost
0
0
0
0
0
0
12.85
26.1
36.85
49.6
61.05
71.55
80.35
88.95
99.65
111.7
119.8
130.1
138.4
147.1
155.2
165.4
174.7
185.5
197.3
208.9
223
233.8
244.5
255.8
265.5
275.3
286.5
296.5
306.9
313.4
322.4
331.1
344
354.5
364.1
373.2
383.4
390.8
397.4
404.4
413
421.2
431.9
442.9
455.1
468.6
483.7
496.4
508.6
522
534.9
547.1
559.5
569.2
581.9
595.3
604.7
618.6
632
644.7
657.1
668.1
679.1
691.6
703.1
715.7
729
742
753.8
761.8
771.5
781.8
791.3
800.3
807.8
815.4
822.2
828.6
835.5
843.6
852.4
860.8
870.4
880
889.1
897.3
908.1
919.8
931
943.5
955.3
969.4
982.3
996.8
996.8


AccumulativeBacklogging Cost
0
69.8
218.4
455.5
791.1
1234
1237
1238
1240
1248
1250
1256
1261
1268
1271
1276
1286
1292
1300
1311
1323
1332
1339
1341
1342
1347
1351
1359
1363
1368
1374
1379
1387
1394
1400
1406
1412
1422
1429
1435
1442
1450
1456
1462
1470
1480
1491
1499
1502
1507
1512
1518
1525
1531
1534
1539
1547
1552
1557
1562
1565
1570
1572
1576
1581
1583
1586
1589
1591
1593
1596
1599
1602
1604
1609
1617
1621
1629
1634
1640
1649
1657
1664
1671
1675
1683
1689
1695
1703
1708
1718
1727
1738
1743
1746
1751
1753
1756
1758
1764
2790


