The time it takes to compute per each caseis 14.33 secs
The data is average of running the code 10 many times.
Planning Horizon is: 200
Leading Time is: 0
Discount Rate is: 1
Initial Inventory is: 0
This is a integer typed problem or not: 0
The Algorithm is: 2
The Distribution Type is: 6
The Distribution Parameters are:         20     3.162        20
Total Cost is: 479.7
Total Demand is: 196.9
Total Order is: 200.5
Total Holding Cost is: 466.5
Total Backlogging Cost is: 13.18

Period
0
1
2
3
4
5
6
7
8
9
10
11
12
13
14
15
16
17
18
19
20
21
22
23
24
25
26
27
28
29
30
31
32
33
34
35
36
37
38
39
40
41
42
43
44
45
46
47
48
49
50
51
52
53
54
55
56
57
58
59
60
61
62
63
64
65
66
67
68
69
70
71
72
73
74
75
76
77
78
79
80
81
82
83
84
85
86
87
88
89
90
91
92
93
94
95
96
97
98
99
100
101
102
103
104
105
106
107
108
109
110
111
112
113
114
115
116
117
118
119
120
121
122
123
124
125
126
127
128
129
130
131
132
133
134
135
136
137
138
139
140
141
142
143
144
145
146
147
148
149
150
151
152
153
154
155
156
157
158
159
160
161
162
163
164
165
166
167
168
169
170
171
172
173
174
175
176
177
178
179
180
181
182
183
184
185
186
187
188
189
190
191
192
193
194
195
196
197
198
199
200


InventoryPosition
0
0.9847
2.055
2.055
2.055
2.055
2.055
2.055
2.055
2.055
2.055
2.055
2.055
2.055
2.055
2.055
2.055
2.055
2.055
2.055
2.055
2.404
2.912
2.912
2.912
2.912
2.912
2.912
2.912
2.912
2.912
2.912
2.912
2.912
2.912
2.912
2.912
2.912
2.912
2.912
2.912
1.248
1.923
1.923
1.923
1.923
1.923
1.923
1.923
1.923
1.923
1.923
1.923
1.923
1.923
1.923
1.923
1.923
1.923
1.923
1.923
1.932
2.087
2.087
2.087
2.087
2.087
2.087
2.087
2.087
2.087
2.087
2.087
2.087
2.087
2.087
2.087
2.087
2.087
2.087
2.087
3.169
3.169
3.169
3.169
3.169
3.169
3.169
3.169
3.169
3.169
3.169
3.169
3.169
3.169
3.169
3.169
3.169
3.169
3.169
3.169
-0.1212
1.034
1.034
1.034
1.034
1.034
1.034
1.034
1.034
1.034
1.034
1.034
1.034
1.034
1.034
1.034
1.034
1.034
1.034
1.034
1.379
2.191
2.191
2.191
2.191
2.191
2.191
2.191
2.191
2.191
2.191
2.191
2.191
2.191
2.191
2.191
2.191
2.191
2.191
2.191
0.7659
1.736
1.736
1.736
1.736
1.736
1.736
1.736
1.736
1.736
1.736
1.736
1.736
1.736
1.736
1.736
1.736
1.736
1.736
1.736
1.476
2.627
2.627
2.627
2.627
2.627
2.627
2.627
2.627
2.627
2.627
2.627
2.627
2.627
2.627
2.627
2.627
2.627
2.627
2.627
3.496
3.592
3.592
3.592
3.592
3.592
3.592
3.592
3.592
3.592
3.592
3.592
3.592
3.592
3.592
3.592
3.592
3.592
3.592
3.592


NetInventory
0
3.125
2.055
2.055
2.055
2.055
2.055
2.055
2.055
2.055
2.055
2.055
2.055
2.055
2.055
2.055
2.055
2.055
2.055
2.055
2.055
3.419
2.912
2.912
2.912
2.912
2.912
2.912
2.912
2.912
2.912
2.912
2.912
2.912
2.912
2.912
2.912
2.912
2.912
2.912
2.912
2.597
1.923
1.923
1.923
1.923
1.923
1.923
1.923
1.923
1.923
1.923
1.923
1.923
1.923
1.923
1.923
1.923
1.923
1.923
1.923
2.243
2.087
2.087
2.087
2.087
2.087
2.087
2.087
2.087
2.087
2.087
2.087
2.087
2.087
2.087
2.087
2.087
2.087
2.087
2.087
3.169
3.169
3.169
3.169
3.169
3.169
3.169
3.169
3.169
3.169
3.169
3.169
3.169
3.169
3.169
3.169
3.169
3.169
3.169
3.169
2.189
1.034
1.034
1.034
1.034
1.034
1.034
1.034
1.034
1.034
1.034
1.034
1.034
1.034
1.034
1.034
1.034
1.034
1.034
1.034
3.002
2.191
2.191
2.191
2.191
2.191
2.191
2.191
2.191
2.191
2.191
2.191
2.191
2.191
2.191
2.191
2.191
2.191
2.191
2.191
2.707
1.736
1.736
1.736
1.736
1.736
1.736
1.736
1.736
1.736
1.736
1.736
1.736
1.736
1.736
1.736
1.736
1.736
1.736
1.736
3.778
2.627
2.627
2.627
2.627
2.627
2.627
2.627
2.627
2.627
2.627
2.627
2.627
2.627
2.627
2.627
2.627
2.627
2.627
2.627
3.687
3.592
3.592
3.592
3.592
3.592
3.592
3.592
3.592
3.592
3.592
3.592
3.592
3.592
3.592
3.592
3.592
3.592
3.592
3.592


Cost
0
4.195
2.055
2.055
2.055
2.055
2.055
2.055
2.055
2.055
2.055
2.055
2.055
2.055
2.055
2.055
2.055
2.055
2.055
2.055
2.055
3.926
2.912
2.912
2.912
2.912
2.912
2.912
2.912
2.912
2.912
2.912
2.912
2.912
2.912
2.912
2.912
2.912
2.912
2.912
2.912
3.272
1.923
1.923
1.923
1.923
1.923
1.923
1.923
1.923
1.923
1.923
1.923
1.923
1.923
1.923
1.923
1.923
1.923
1.923
1.923
2.398
2.087
2.087
2.087
2.087
2.087
2.087
2.087
2.087
2.087
2.087
2.087
2.087
2.087
2.087
2.087
2.087
2.087
2.087
2.087
3.169
3.169
3.169
3.169
3.169
3.169
3.169
3.169
3.169
3.169
3.169
3.169
3.169
3.169
3.169
3.169
3.169
3.169
3.169
3.169
3.344
1.034
1.034
1.034
1.034
1.034
1.034
1.034
1.034
1.034
1.034
1.034
1.034
1.034
1.034
1.034
1.034
1.034
1.034
1.034
3.813
2.191
2.191
2.191
2.191
2.191
2.191
2.191
2.191
2.191
2.191
2.191
2.191
2.191
2.191
2.191
2.191
2.191
2.191
2.191
3.677
1.736
1.736
1.736
1.736
1.736
1.736
1.736
1.736
1.736
1.736
1.736
1.736
1.736
1.736
1.736
1.736
1.736
1.736
1.736
4.928
2.627
2.627
2.627
2.627
2.627
2.627
2.627
2.627
2.627
2.627
2.627
2.627
2.627
2.627
2.627
2.627
2.627
2.627
2.627
3.783
3.592
3.592
3.592
3.592
3.592
3.592
3.592
3.592
3.592
3.592
3.592
3.592
3.592
3.592
3.592
3.592
3.592
3.592
3.592


Demand
0
20.38
0
0
0
0
0
0
0
0
0
0
0
0
0
0
0
0
0
0
0
18.96
0
0
0
0
0
0
0
0
0
0
0
0
0
0
0
0
0
0
0
20.11
0
0
0
0
0
0
0
0
0
0
0
0
0
0
0
0
0
0
0
19.43
0
0
0
0
0
0
0
0
0
0
0
0
0
0
0
0
0
0
0
18.19
0
0
0
0
0
0
0
0
0
0
0
0
0
0
0
0
0
0
0
21.48
0
0
0
0
0
0
0
0
0
0
0
0
0
0
0
0
0
0
0
19.98
0
0
0
0
0
0
0
0
0
0
0
0
0
0
0
0
0
0
0
20.6
0
0
0
0
0
0
0
0
0
0
0
0
0
0
0
0
0
0
0
19.89
0
0
0
0
0
0
0
0
0
0
0
0
0
0
0
0
0
0
0
17.87
0
0
0
0
0
0
0
0
0
0
0
0
0
0
0
0
0
0
0


Ordering
0
21.36
1.07
4.09e-016
4.09e-016
4.09e-016
4.09e-016
4.09e-016
4.09e-016
4.09e-016
4.09e-016
4.09e-016
4.09e-016
4.09e-016
4.09e-016
4.09e-016
4.09e-016
4.09e-016
4.09e-016
4.09e-016
4.09e-016
19.31
0.5072
9.409e-008
5.09e-016
5.09e-016
5.09e-016
5.09e-016
5.09e-016
5.09e-016
5.09e-016
5.09e-016
5.09e-016
5.09e-016
5.09e-016
5.09e-016
5.09e-016
5.09e-016
5.09e-016
5.09e-016
5.09e-016
18.45
0.6746
1.003e-006
3.326e-016
3.326e-016
3.326e-016
3.326e-016
3.326e-016
3.326e-016
3.326e-016
3.326e-016
3.326e-016
3.326e-016
3.326e-016
3.326e-016
3.326e-016
3.326e-016
3.326e-016
3.326e-016
3.326e-016
19.44
0.1555
4.618e-016
4.618e-016
4.618e-016
4.618e-016
4.618e-016
4.618e-016
4.618e-016
4.618e-016
4.618e-016
4.618e-016
4.618e-016
4.618e-016
4.618e-016
4.618e-016
4.618e-016
4.618e-016
4.618e-016
4.618e-016
19.27
6.18e-016
6.18e-016
6.18e-016
6.18e-016
6.18e-016
6.18e-016
6.18e-016
6.18e-016
6.18e-016
6.18e-016
6.18e-016
6.18e-016
6.18e-016
6.18e-016
6.18e-016
6.18e-016
6.18e-016
6.18e-016
6.18e-016
18.19
1.155
2.292e-016
2.292e-016
2.292e-016
2.292e-016
2.292e-016
2.292e-016
2.292e-016
2.292e-016
2.292e-016
2.292e-016
2.292e-016
2.292e-016
2.292e-016
2.292e-016
2.292e-016
2.292e-016
2.292e-016
2.292e-016
20.33
0.8114
1.093e-006
4.472e-016
4.472e-016
4.472e-016
4.472e-016
4.472e-016
4.472e-016
4.472e-016
4.472e-016
4.472e-016
4.472e-016
4.472e-016
4.472e-016
4.472e-016
4.472e-016
4.472e-016
4.472e-016
4.472e-016
19.17
0.9703
1.285e-007
2.618e-016
2.618e-016
2.618e-016
2.618e-016
2.618e-016
2.618e-016
2.618e-016
2.618e-016
2.618e-016
2.618e-016
2.618e-016
2.618e-016
2.618e-016
2.618e-016
2.618e-016
2.618e-016
2.618e-016
19.63
1.151
7.713e-007
5.09e-016
5.09e-016
5.09e-016
5.09e-016
5.09e-016
5.09e-016
5.09e-016
5.09e-016
5.09e-016
5.09e-016
5.09e-016
5.09e-016
5.09e-016
5.09e-016
5.09e-016
5.09e-016
5.09e-016
18.74
0.09554
5.636e-008
7.146e-016
7.146e-016
7.146e-016
7.146e-016
7.146e-016
7.146e-016
7.146e-016
7.146e-016
7.146e-016
7.146e-016
7.146e-016
7.146e-016
7.146e-016
7.146e-016
7.146e-016
7.146e-016
7.146e-016


HoldingCost
0
2.055
2.055
2.055
2.055
2.055
2.055
2.055
2.055
2.055
2.055
2.055
2.055
2.055
2.055
2.055
2.055
2.055
2.055
2.055
2.055
2.912
2.912
2.912
2.912
2.912
2.912
2.912
2.912
2.912
2.912
2.912
2.912
2.912
2.912
2.912
2.912
2.912
2.912
2.912
2.912
1.923
1.923
1.923
1.923
1.923
1.923
1.923
1.923
1.923
1.923
1.923
1.923
1.923
1.923
1.923
1.923
1.923
1.923
1.923
1.923
2.087
2.087
2.087
2.087
2.087
2.087
2.087
2.087
2.087
2.087
2.087
2.087
2.087
2.087
2.087
2.087
2.087
2.087
2.087
2.087
3.169
3.169
3.169
3.169
3.169
3.169
3.169
3.169
3.169
3.169
3.169
3.169
3.169
3.169
3.169
3.169
3.169
3.169
3.169
3.169
1.034
1.034
1.034
1.034
1.034
1.034
1.034
1.034
1.034
1.034
1.034
1.034
1.034
1.034
1.034
1.034
1.034
1.034
1.034
1.034
2.191
2.191
2.191
2.191
2.191
2.191
2.191
2.191
2.191
2.191
2.191
2.191
2.191
2.191
2.191
2.191
2.191
2.191
2.191
2.191
1.736
1.736
1.736
1.736
1.736
1.736
1.736
1.736
1.736
1.736
1.736
1.736
1.736
1.736
1.736
1.736
1.736
1.736
1.736
1.736
2.627
2.627
2.627
2.627
2.627
2.627
2.627
2.627
2.627
2.627
2.627
2.627
2.627
2.627
2.627
2.627
2.627
2.627
2.627
2.627
3.592
3.592
3.592
3.592
3.592
3.592
3.592
3.592
3.592
3.592
3.592
3.592
3.592
3.592
3.592
3.592
3.592
3.592
3.592
3.592


BackloggingCost
0
2.14
0
0
0
0
0
0
0
0
0
0
0
0
0
0
0
0
0
0
0
1.014
1.882e-007
0
0
0
0
0
0
0
0
0
0
0
0
0
0
0
0
0
0
1.349
2.006e-006
0
0
0
0
0
0
0
0
0
0
0
0
0
0
0
0
0
0
0.311
0
0
0
0
0
0
0
0
0
0
0
0
0
0
0
0
0
0
0
0
0
0
0
0
0
0
0
0
0
0
0
0
0
0
0
0
0
0
0
2.31
0
0
0
0
0
0
0
0
0
0
0
0
0
0
0
0
0
0
0
1.623
2.187e-006
0
0
0
0
0
0
0
0
0
0
0
0
0
0
0
0
0
0
1.941
2.57e-007
0
0
0
0
0
0
0
0
0
0
0
0
0
0
0
0
0
0
2.301
1.543e-006
0
0
0
0
0
0
0
0
0
0
0
0
0
0
0
0
0
0
0.1911
1.127e-007
0
0
0
0
0
0
0
0
0
0
0
0
0
0
0
0
0
0


AccumulativeCost
0
4.195
6.25
8.304
10.36
12.41
14.47
16.52
18.58
20.63
22.69
24.74
26.8
28.85
30.91
32.96
35.02
37.07
39.13
41.18
43.24
47.16
50.07
52.98
55.9
58.81
61.72
64.63
67.54
70.45
73.37
76.28
79.19
82.1
85.01
87.92
90.84
93.75
96.66
99.57
102.5
105.8
107.7
109.6
111.5
113.4
115.4
117.3
119.2
121.1
123.1
125
126.9
128.8
130.7
132.7
134.6
136.5
138.4
140.4
142.3
144.7
146.8
148.9
150.9
153
155.1
157.2
159.3
161.4
163.5
165.6
167.6
169.7
171.8
173.9
176
178.1
180.2
182.3
184.3
187.5
190.7
193.8
197
200.2
203.4
206.5
209.7
212.9
216
219.2
222.4
225.5
228.7
231.9
235
238.2
241.4
244.6
247.7
251.1
252.1
253.1
254.2
255.2
256.2
257.3
258.3
259.3
260.4
261.4
262.4
263.5
264.5
265.5
266.6
267.6
268.6
269.7
270.7
274.5
276.7
278.9
281.1
283.3
285.5
287.7
289.9
292
294.2
296.4
298.6
300.8
303
305.2
307.4
309.6
311.8
314
316.1
319.8
321.6
323.3
325
326.8
328.5
330.2
332
333.7
335.4
337.2
338.9
340.7
342.4
344.1
345.9
347.6
349.3
351.1
352.8
357.7
360.4
363
365.6
368.2
370.9
373.5
376.1
378.8
381.4
384
386.6
389.3
391.9
394.5
397.1
399.8
402.4
405
407.7
411.4
415
418.6
422.2
425.8
429.4
433
436.6
440.2
443.8
447.4
450.9
454.5
458.1
461.7
465.3
468.9
472.5
476.1
479.7


AccumulativeDemand
0
20.38
20.38
20.38
20.38
20.38
20.38
20.38
20.38
20.38
20.38
20.38
20.38
20.38
20.38
20.38
20.38
20.38
20.38
20.38
20.38
39.33
39.33
39.33
39.33
39.33
39.33
39.33
39.33
39.33
39.33
39.33
39.33
39.33
39.33
39.33
39.33
39.33
39.33
39.33
39.33
59.45
59.45
59.45
59.45
59.45
59.45
59.45
59.45
59.45
59.45
59.45
59.45
59.45
59.45
59.45
59.45
59.45
59.45
59.45
59.45
78.88
78.88
78.88
78.88
78.88
78.88
78.88
78.88
78.88
78.88
78.88
78.88
78.88
78.88
78.88
78.88
78.88
78.88
78.88
78.88
97.07
97.07
97.07
97.07
97.07
97.07
97.07
97.07
97.07
97.07
97.07
97.07
97.07
97.07
97.07
97.07
97.07
97.07
97.07
97.07
118.6
118.6
118.6
118.6
118.6
118.6
118.6
118.6
118.6
118.6
118.6
118.6
118.6
118.6
118.6
118.6
118.6
118.6
118.6
118.6
138.5
138.5
138.5
138.5
138.5
138.5
138.5
138.5
138.5
138.5
138.5
138.5
138.5
138.5
138.5
138.5
138.5
138.5
138.5
138.5
159.1
159.1
159.1
159.1
159.1
159.1
159.1
159.1
159.1
159.1
159.1
159.1
159.1
159.1
159.1
159.1
159.1
159.1
159.1
159.1
179
179
179
179
179
179
179
179
179
179
179
179
179
179
179
179
179
179
179
179
196.9
196.9
196.9
196.9
196.9
196.9
196.9
196.9
196.9
196.9
196.9
196.9
196.9
196.9
196.9
196.9
196.9
196.9
196.9
196.9


AccumulativeOrdering
0
21.36
22.43
22.43
22.43
22.43
22.43
22.43
22.43
22.43
22.43
22.43
22.43
22.43
22.43
22.43
22.43
22.43
22.43
22.43
22.43
41.74
42.25
42.25
42.25
42.25
42.25
42.25
42.25
42.25
42.25
42.25
42.25
42.25
42.25
42.25
42.25
42.25
42.25
42.25
42.25
60.7
61.37
61.37
61.37
61.37
61.37
61.37
61.37
61.37
61.37
61.37
61.37
61.37
61.37
61.37
61.37
61.37
61.37
61.37
61.37
80.81
80.97
80.97
80.97
80.97
80.97
80.97
80.97
80.97
80.97
80.97
80.97
80.97
80.97
80.97
80.97
80.97
80.97
80.97
80.97
100.2
100.2
100.2
100.2
100.2
100.2
100.2
100.2
100.2
100.2
100.2
100.2
100.2
100.2
100.2
100.2
100.2
100.2
100.2
100.2
118.4
119.6
119.6
119.6
119.6
119.6
119.6
119.6
119.6
119.6
119.6
119.6
119.6
119.6
119.6
119.6
119.6
119.6
119.6
119.6
139.9
140.7
140.7
140.7
140.7
140.7
140.7
140.7
140.7
140.7
140.7
140.7
140.7
140.7
140.7
140.7
140.7
140.7
140.7
140.7
159.9
160.9
160.9
160.9
160.9
160.9
160.9
160.9
160.9
160.9
160.9
160.9
160.9
160.9
160.9
160.9
160.9
160.9
160.9
160.9
180.5
181.6
181.6
181.6
181.6
181.6
181.6
181.6
181.6
181.6
181.6
181.6
181.6
181.6
181.6
181.6
181.6
181.6
181.6
181.6
200.4
200.5
200.5
200.5
200.5
200.5
200.5
200.5
200.5
200.5
200.5
200.5
200.5
200.5
200.5
200.5
200.5
200.5
200.5
200.5


AccumulativeHolding Cost
0
2.055
4.11
6.164
8.219
10.27
12.33
14.38
16.44
18.49
20.55
22.6
24.66
26.71
28.77
30.82
32.88
34.93
36.99
39.04
41.1
44.01
46.92
49.83
52.74
55.65
58.57
61.48
64.39
67.3
70.21
73.12
76.04
78.95
81.86
84.77
87.68
90.59
93.51
96.42
99.33
101.3
103.2
105.1
107
108.9
110.9
112.8
114.7
116.6
118.6
120.5
122.4
124.3
126.2
128.2
130.1
132
133.9
135.9
137.8
139.9
142
144
146.1
148.2
150.3
152.4
154.5
156.6
158.7
160.7
162.8
164.9
167
169.1
171.2
173.3
175.4
177.4
179.5
182.7
185.9
189
192.2
195.4
198.5
201.7
204.9
208
211.2
214.4
217.6
220.7
223.9
227.1
230.2
233.4
236.6
239.7
242.9
243.9
245
246
247
248.1
249.1
250.1
251.2
252.2
253.2
254.3
255.3
256.3
257.4
258.4
259.5
260.5
261.5
262.6
263.6
265.8
268
270.2
272.3
274.5
276.7
278.9
281.1
283.3
285.5
287.7
289.9
292.1
294.3
296.4
298.6
300.8
303
305.2
307.4
309.1
310.9
312.6
314.3
316.1
317.8
319.6
321.3
323
324.8
326.5
328.2
330
331.7
333.4
335.2
336.9
338.6
340.4
342.1
344.7
347.4
350
352.6
355.3
357.9
360.5
363.1
365.8
368.4
371
373.6
376.3
378.9
381.5
384.2
386.8
389.4
392
394.7
398.3
401.8
405.4
409
412.6
416.2
419.8
423.4
427
430.6
434.2
437.8
441.4
444.9
448.5
452.1
455.7
459.3
462.9
466.5


AccumulativeBacklogging Cost
0
2.14
2.14
2.14
2.14
2.14
2.14
2.14
2.14
2.14
2.14
2.14
2.14
2.14
2.14
2.14
2.14
2.14
2.14
2.14
2.14
3.155
3.155
3.155
3.155
3.155
3.155
3.155
3.155
3.155
3.155
3.155
3.155
3.155
3.155
3.155
3.155
3.155
3.155
3.155
3.155
4.504
4.504
4.504
4.504
4.504
4.504
4.504
4.504
4.504
4.504
4.504
4.504
4.504
4.504
4.504
4.504
4.504
4.504
4.504
4.504
4.815
4.815
4.815
4.815
4.815
4.815
4.815
4.815
4.815
4.815
4.815
4.815
4.815
4.815
4.815
4.815
4.815
4.815
4.815
4.815
4.815
4.815
4.815
4.815
4.815
4.815
4.815
4.815
4.815
4.815
4.815
4.815
4.815
4.815
4.815
4.815
4.815
4.815
4.815
4.815
7.125
7.125
7.125
7.125
7.125
7.125
7.125
7.125
7.125
7.125
7.125
7.125
7.125
7.125
7.125
7.125
7.125
7.125
7.125
7.125
8.748
8.748
8.748
8.748
8.748
8.748
8.748
8.748
8.748
8.748
8.748
8.748
8.748
8.748
8.748
8.748
8.748
8.748
8.748
8.748
10.69
10.69
10.69
10.69
10.69
10.69
10.69
10.69
10.69
10.69
10.69
10.69
10.69
10.69
10.69
10.69
10.69
10.69
10.69
10.69
12.99
12.99
12.99
12.99
12.99
12.99
12.99
12.99
12.99
12.99
12.99
12.99
12.99
12.99
12.99
12.99
12.99
12.99
12.99
12.99
13.18
13.18
13.18
13.18
13.18
13.18
13.18
13.18
13.18
13.18
13.18
13.18
13.18
13.18
13.18
13.18
13.18
13.18
13.18
13.18


