The time it takes to compute per each caseis 1.601 secs
The data is average of running the code 10 many times.
Planning Horizon is: 200
Leading Time is: 0
Discount Rate is: 1
Initial Inventory is: 0
This is a integer typed problem or not: 0
The Algorithm is: 3
The Distribution Type is: 6
The Distribution Parameters are:         20     3.162        20
Total Cost is: 104.8
Total Demand is: 200.8
Total Order is: 201.1
Total Holding Cost is: 41.92
Total Backlogging Cost is: 62.89

Period
0
1
2
3
4
5
6
7
8
9
10
11
12
13
14
15
16
17
18
19
20
21
22
23
24
25
26
27
28
29
30
31
32
33
34
35
36
37
38
39
40
41
42
43
44
45
46
47
48
49
50
51
52
53
54
55
56
57
58
59
60
61
62
63
64
65
66
67
68
69
70
71
72
73
74
75
76
77
78
79
80
81
82
83
84
85
86
87
88
89
90
91
92
93
94
95
96
97
98
99
100
101
102
103
104
105
106
107
108
109
110
111
112
113
114
115
116
117
118
119
120
121
122
123
124
125
126
127
128
129
130
131
132
133
134
135
136
137
138
139
140
141
142
143
144
145
146
147
148
149
150
151
152
153
154
155
156
157
158
159
160
161
162
163
164
165
166
167
168
169
170
171
172
173
174
175
176
177
178
179
180
181
182
183
184
185
186
187
188
189
190
191
192
193
194
195
196
197
198
199
200


InventoryPosition
0
-2.86
-3.072e-008
-7.995e-009
9.462e-010
5.417e-009
9.142e-009
1.287e-008
2.032e-008
2.777e-008
3.522e-008
4.267e-008
5.012e-008
5.757e-008
6.502e-008
7.992e-008
9.482e-008
1.097e-007
1.395e-007
1.693e-007
2.289e-007
-2.872
0.086
0.086
0.086
0.086
0.086
0.086
0.086
0.086
0.086
0.086
0.086
0.086
0.086
0.086
0.086
0.086
0.086
0.086
0.086
-4.741
0.08347
0.08347
0.08347
0.08347
0.08347
0.08347
0.08347
0.08347
0.08347
0.08347
0.08347
0.08347
0.08347
0.08347
0.08347
0.08347
0.08347
0.08347
0.08347
-3.179
0.3409
0.3409
0.3409
0.3409
0.3409
0.3409
0.3409
0.3409
0.3409
0.3409
0.3409
0.3409
0.3409
0.3409
0.3409
0.3409
0.3409
0.3409
0.3409
-1.796
0.08519
0.08519
0.08519
0.08519
0.08519
0.08519
0.08519
0.08519
0.08519
0.08519
0.08519
0.08519
0.08519
0.08519
0.08519
0.08519
0.08519
0.08519
0.08519
-1.814
0.6873
0.6873
0.6873
0.6873
0.6873
0.6873
0.6873
0.6873
0.6873
0.6873
0.6873
0.6873
0.6873
0.6873
0.6873
0.6873
0.6873
0.6873
0.6873
-3.904
-2.45e-008
-1.405e-009
4.928e-009
8.654e-009
1.238e-008
1.61e-008
2.355e-008
3.101e-008
3.846e-008
4.591e-008
5.336e-008
6.081e-008
6.826e-008
8.316e-008
9.806e-008
1.13e-007
1.428e-007
1.726e-007
2.322e-007
-2.746
0.2318
0.2318
0.2318
0.2318
0.2318
0.2318
0.2318
0.2318
0.2318
0.2318
0.2318
0.2318
0.2318
0.2318
0.2318
0.2318
0.2318
0.2318
0.2318
-2.734
0.3453
0.3453
0.3453
0.3453
0.3453
0.3453
0.3453
0.3453
0.3453
0.3453
0.3453
0.3453
0.3453
0.3453
0.3453
0.3453
0.3453
0.3453
0.3453
-2.7
0.2363
0.2363
0.2363
0.2363
0.2363
0.2363
0.2363
0.2363
0.2363
0.2363
0.2363
0.2363
0.2363
0.2363
0.2363
0.2363
0.2363
0.2363
0.2363


NetInventory
0
2.86
3.09e-008
9.013e-009
2.55e-009
5.417e-009
9.142e-009
1.287e-008
2.032e-008
2.777e-008
3.522e-008
4.267e-008
5.012e-008
5.757e-008
6.502e-008
7.992e-008
9.482e-008
1.097e-007
1.395e-007
1.693e-007
2.289e-007
3.044
0.086
0.086
0.086
0.086
0.086
0.086
0.086
0.086
0.086
0.086
0.086
0.086
0.086
0.086
0.086
0.086
0.086
0.086
0.086
4.908
0.08347
0.08347
0.08347
0.08347
0.08347
0.08347
0.08347
0.08347
0.08347
0.08347
0.08347
0.08347
0.08347
0.08347
0.08347
0.08347
0.08347
0.08347
0.08347
3.861
0.3409
0.3409
0.3409
0.3409
0.3409
0.3409
0.3409
0.3409
0.3409
0.3409
0.3409
0.3409
0.3409
0.3409
0.3409
0.3409
0.3409
0.3409
0.3409
1.966
0.08519
0.08519
0.08519
0.08519
0.08519
0.08519
0.08519
0.08519
0.08519
0.08519
0.08519
0.08519
0.08519
0.08519
0.08519
0.08519
0.08519
0.08519
0.08519
3.189
0.6873
0.6873
0.6873
0.6873
0.6873
0.6873
0.6873
0.6873
0.6873
0.6873
0.6873
0.6873
0.6873
0.6873
0.6873
0.6873
0.6873
0.6873
0.6873
3.904
2.45e-008
4.449e-009
4.928e-009
8.654e-009
1.238e-008
1.61e-008
2.355e-008
3.101e-008
3.846e-008
4.591e-008
5.336e-008
6.081e-008
6.826e-008
8.316e-008
9.806e-008
1.13e-007
1.428e-007
1.726e-007
2.322e-007
3.21
0.2318
0.2318
0.2318
0.2318
0.2318
0.2318
0.2318
0.2318
0.2318
0.2318
0.2318
0.2318
0.2318
0.2318
0.2318
0.2318
0.2318
0.2318
0.2318
3.424
0.3453
0.3453
0.3453
0.3453
0.3453
0.3453
0.3453
0.3453
0.3453
0.3453
0.3453
0.3453
0.3453
0.3453
0.3453
0.3453
0.3453
0.3453
0.3453
3.173
0.2363
0.2363
0.2363
0.2363
0.2363
0.2363
0.2363
0.2363
0.2363
0.2363
0.2363
0.2363
0.2363
0.2363
0.2363
0.2363
0.2363
0.2363
0.2363


Cost
0
5.72
6.171e-008
1.752e-008
3.352e-009
5.417e-009
9.142e-009
1.287e-008
2.032e-008
2.777e-008
3.522e-008
4.267e-008
5.012e-008
5.757e-008
6.502e-008
7.992e-008
9.482e-008
1.097e-007
1.395e-007
1.693e-007
2.289e-007
6.002
0.086
0.086
0.086
0.086
0.086
0.086
0.086
0.086
0.086
0.086
0.086
0.086
0.086
0.086
0.086
0.086
0.086
0.086
0.086
9.733
0.08347
0.08347
0.08347
0.08347
0.08347
0.08347
0.08347
0.08347
0.08347
0.08347
0.08347
0.08347
0.08347
0.08347
0.08347
0.08347
0.08347
0.08347
0.08347
7.38
0.3409
0.3409
0.3409
0.3409
0.3409
0.3409
0.3409
0.3409
0.3409
0.3409
0.3409
0.3409
0.3409
0.3409
0.3409
0.3409
0.3409
0.3409
0.3409
3.847
0.08519
0.08519
0.08519
0.08519
0.08519
0.08519
0.08519
0.08519
0.08519
0.08519
0.08519
0.08519
0.08519
0.08519
0.08519
0.08519
0.08519
0.08519
0.08519
5.691
0.6873
0.6873
0.6873
0.6873
0.6873
0.6873
0.6873
0.6873
0.6873
0.6873
0.6873
0.6873
0.6873
0.6873
0.6873
0.6873
0.6873
0.6873
0.6873
7.808
4.9e-008
7.376e-009
4.928e-009
8.654e-009
1.238e-008
1.61e-008
2.355e-008
3.101e-008
3.846e-008
4.591e-008
5.336e-008
6.081e-008
6.826e-008
8.316e-008
9.806e-008
1.13e-007
1.428e-007
1.726e-007
2.322e-007
6.188
0.2318
0.2318
0.2318
0.2318
0.2318
0.2318
0.2318
0.2318
0.2318
0.2318
0.2318
0.2318
0.2318
0.2318
0.2318
0.2318
0.2318
0.2318
0.2318
6.504
0.3453
0.3453
0.3453
0.3453
0.3453
0.3453
0.3453
0.3453
0.3453
0.3453
0.3453
0.3453
0.3453
0.3453
0.3453
0.3453
0.3453
0.3453
0.3453
6.109
0.2363
0.2363
0.2363
0.2363
0.2363
0.2363
0.2363
0.2363
0.2363
0.2363
0.2363
0.2363
0.2363
0.2363
0.2363
0.2363
0.2363
0.2363
0.2363


Demand
0
20.01
0
0
0
0
0
0
0
0
0
0
0
0
0
0
0
0
0
0
0
20.02
0
0
0
0
0
0
0
0
0
0
0
0
0
0
0
0
0
0
0
21.89
0
0
0
0
0
0
0
0
0
0
0
0
0
0
0
0
0
0
0
20.33
0
0
0
0
0
0
0
0
0
0
0
0
0
0
0
0
0
0
0
18.95
0
0
0
0
0
0
0
0
0
0
0
0
0
0
0
0
0
0
0
18.96
0
0
0
0
0
0
0
0
0
0
0
0
0
0
0
0
0
0
0
21.05
0
0
0
0
0
0
0
0
0
0
0
0
0
0
0
0
0
0
0
19.9
0
0
0
0
0
0
0
0
0
0
0
0
0
0
0
0
0
0
0
19.88
0
0
0
0
0
0
0
0
0
0
0
0
0
0
0
0
0
0
0
19.85
0
0
0
0
0
0
0
0
0
0
0
0
0
0
0
0
0
0
0


Ordering
0
17.15
2.86
2.272e-008
8.941e-009
4.47e-009
3.725e-009
3.725e-009
7.451e-009
7.451e-009
7.451e-009
7.451e-009
7.451e-009
7.451e-009
7.451e-009
1.49e-008
1.49e-008
1.49e-008
2.98e-008
2.98e-008
5.96e-008
17.15
2.958
2.086e-008
7.823e-009
3.725e-009
3.725e-009
3.725e-009
7.451e-009
7.451e-009
7.451e-009
7.451e-009
7.451e-009
7.451e-009
7.451e-009
1.49e-008
1.49e-008
1.49e-008
2.98e-008
2.98e-008
5.96e-008
17.06
4.825
1.304e-008
5.96e-009
3.725e-009
3.725e-009
3.725e-009
7.451e-009
7.451e-009
7.451e-009
7.451e-009
7.451e-009
7.451e-009
7.451e-009
1.49e-008
1.49e-008
1.49e-008
2.98e-008
2.98e-008
5.96e-008
17.07
3.52
1.341e-008
7.451e-009
3.725e-009
3.725e-009
3.725e-009
7.451e-009
7.451e-009
7.451e-009
7.451e-009
7.451e-009
7.451e-009
7.451e-009
1.49e-008
1.49e-008
1.49e-008
2.98e-008
2.98e-008
5.96e-008
16.81
1.881
1.229e-008
5.588e-009
4.098e-009
3.725e-009
3.725e-009
7.451e-009
7.451e-009
7.451e-009
7.451e-009
7.451e-009
7.451e-009
7.451e-009
1.49e-008
1.49e-008
1.49e-008
2.98e-008
2.98e-008
5.96e-008
17.06
2.502
1.192e-008
6.333e-009
3.725e-009
3.725e-009
3.725e-009
7.451e-009
7.451e-009
7.451e-009
7.451e-009
7.451e-009
7.451e-009
7.451e-009
1.49e-008
1.49e-008
1.49e-008
2.98e-008
2.98e-008
5.96e-008
16.46
3.904
2.31e-008
6.333e-009
3.725e-009
3.725e-009
3.725e-009
7.451e-009
7.451e-009
7.451e-009
7.451e-009
7.451e-009
7.451e-009
7.451e-009
1.49e-008
1.49e-008
1.49e-008
2.98e-008
2.98e-008
5.96e-008
17.15
2.978
1.527e-008
7.451e-009
4.47e-009
3.725e-009
3.725e-009
7.451e-009
7.451e-009
7.451e-009
7.451e-009
7.451e-009
7.451e-009
7.451e-009
1.49e-008
1.49e-008
1.49e-008
2.98e-008
2.98e-008
5.96e-008
16.92
3.079
1.229e-008
4.098e-009
3.725e-009
3.725e-009
3.725e-009
7.451e-009
7.451e-009
7.451e-009
7.451e-009
7.451e-009
7.451e-009
7.451e-009
1.49e-008
1.49e-008
1.49e-008
2.98e-008
2.98e-008
5.96e-008
16.8
2.937
1.788e-008
8.196e-009
4.098e-009
3.725e-009
3.725e-009
7.451e-009
7.451e-009
7.451e-009
7.451e-009
7.451e-009
7.451e-009
7.451e-009
1.49e-008
1.49e-008
1.49e-008
2.98e-008
2.98e-008
5.96e-008


HoldingCost
0
0
9.207e-011
5.093e-010
1.748e-009
5.417e-009
9.142e-009
1.287e-008
2.032e-008
2.777e-008
3.522e-008
4.267e-008
5.012e-008
5.757e-008
6.502e-008
7.992e-008
9.482e-008
1.097e-007
1.395e-007
1.693e-007
2.289e-007
0.086
0.086
0.086
0.086
0.086
0.086
0.086
0.086
0.086
0.086
0.086
0.086
0.086
0.086
0.086
0.086
0.086
0.086
0.086
0.086
0.08347
0.08347
0.08347
0.08347
0.08347
0.08347
0.08347
0.08347
0.08347
0.08347
0.08347
0.08347
0.08347
0.08347
0.08347
0.08347
0.08347
0.08347
0.08347
0.08347
0.3409
0.3409
0.3409
0.3409
0.3409
0.3409
0.3409
0.3409
0.3409
0.3409
0.3409
0.3409
0.3409
0.3409
0.3409
0.3409
0.3409
0.3409
0.3409
0.3409
0.08519
0.08519
0.08519
0.08519
0.08519
0.08519
0.08519
0.08519
0.08519
0.08519
0.08519
0.08519
0.08519
0.08519
0.08519
0.08519
0.08519
0.08519
0.08519
0.08519
0.6873
0.6873
0.6873
0.6873
0.6873
0.6873
0.6873
0.6873
0.6873
0.6873
0.6873
0.6873
0.6873
0.6873
0.6873
0.6873
0.6873
0.6873
0.6873
0.6873
0
0
1.522e-009
4.928e-009
8.654e-009
1.238e-008
1.61e-008
2.355e-008
3.101e-008
3.846e-008
4.591e-008
5.336e-008
6.081e-008
6.826e-008
8.316e-008
9.806e-008
1.13e-007
1.428e-007
1.726e-007
2.322e-007
0.2318
0.2318
0.2318
0.2318
0.2318
0.2318
0.2318
0.2318
0.2318
0.2318
0.2318
0.2318
0.2318
0.2318
0.2318
0.2318
0.2318
0.2318
0.2318
0.2318
0.3453
0.3453
0.3453
0.3453
0.3453
0.3453
0.3453
0.3453
0.3453
0.3453
0.3453
0.3453
0.3453
0.3453
0.3453
0.3453
0.3453
0.3453
0.3453
0.3453
0.2363
0.2363
0.2363
0.2363
0.2363
0.2363
0.2363
0.2363
0.2363
0.2363
0.2363
0.2363
0.2363
0.2363
0.2363
0.2363
0.2363
0.2363
0.2363
0.2363


BackloggingCost
0
5.72
6.162e-008
1.701e-008
1.604e-009
0
0
0
0
0
0
0
0
0
0
0
0
0
0
0
0
5.916
4.885e-008
9.604e-009
1.133e-010
0
0
0
0
0
0
0
0
0
0
0
0
0
0
0
0
9.65
2.826e-008
6.033e-009
1.954e-010
0
0
0
0
0
0
0
0
0
0
0
0
0
0
0
0
7.039
3.464e-008
9.403e-009
1.569e-010
0
0
0
0
0
0
0
0
0
0
0
0
0
0
0
0
3.762
2.49e-008
5.191e-009
3.668e-010
0
0
0
0
0
0
0
0
0
0
0
0
0
0
0
0
5.004
2.583e-008
5.429e-009
1.075e-010
0
0
0
0
0
0
0
0
0
0
0
0
0
0
0
0
7.808
4.9e-008
5.854e-009
0
0
0
0
0
0
0
0
0
0
0
0
0
0
0
0
0
5.956
3.99e-008
1.162e-008
9.79e-010
0
0
0
0
0
0
0
0
0
0
0
0
0
0
0
0
6.158
2.078e-008
1.802e-009
2.825e-011
0
0
0
0
0
0
0
0
0
0
0
0
0
0
0
0
5.873
4.753e-008
1.346e-008
1.381e-009
0
0
0
0
0
0
0
0
0
0
0
0
0
0
0
0


AccumulativeCost
0
5.72
5.72
5.72
5.72
5.72
5.72
5.72
5.72
5.72
5.72
5.72
5.72
5.72
5.72
5.72
5.72
5.72
5.72
5.72
5.72
11.72
11.81
11.89
11.98
12.07
12.15
12.24
12.32
12.41
12.5
12.58
12.67
12.75
12.84
12.93
13.01
13.1
13.18
13.27
13.36
23.09
23.17
23.26
23.34
23.42
23.51
23.59
23.67
23.76
23.84
23.92
24.01
24.09
24.17
24.26
24.34
24.42
24.51
24.59
24.68
32.06
32.4
32.74
33.08
33.42
33.76
34.1
34.44
34.78
35.12
35.46
35.81
36.15
36.49
36.83
37.17
37.51
37.85
38.19
38.53
42.38
42.46
42.55
42.64
42.72
42.81
42.89
42.98
43.06
43.15
43.23
43.32
43.4
43.49
43.57
43.66
43.74
43.83
43.91
44
49.69
50.38
51.06
51.75
52.44
53.13
53.81
54.5
55.19
55.87
56.56
57.25
57.94
58.62
59.31
60
60.69
61.37
62.06
62.75
70.55
70.55
70.55
70.55
70.55
70.55
70.55
70.55
70.55
70.55
70.55
70.55
70.55
70.55
70.55
70.55
70.55
70.55
70.55
70.55
76.74
76.97
77.21
77.44
77.67
77.9
78.13
78.37
78.6
78.83
79.06
79.29
79.52
79.76
79.99
80.22
80.45
80.68
80.91
81.15
87.65
88
88.34
88.69
89.03
89.38
89.72
90.07
90.41
90.76
91.1
91.45
91.79
92.14
92.48
92.83
93.18
93.52
93.87
94.21
100.3
100.6
100.8
101
101.3
101.5
101.7
102
102.2
102.4
102.7
102.9
103.2
103.4
103.6
103.9
104.1
104.3
104.6
104.8


AccumulativeDemand
0
20.01
20.01
20.01
20.01
20.01
20.01
20.01
20.01
20.01
20.01
20.01
20.01
20.01
20.01
20.01
20.01
20.01
20.01
20.01
20.01
40.03
40.03
40.03
40.03
40.03
40.03
40.03
40.03
40.03
40.03
40.03
40.03
40.03
40.03
40.03
40.03
40.03
40.03
40.03
40.03
61.92
61.92
61.92
61.92
61.92
61.92
61.92
61.92
61.92
61.92
61.92
61.92
61.92
61.92
61.92
61.92
61.92
61.92
61.92
61.92
82.25
82.25
82.25
82.25
82.25
82.25
82.25
82.25
82.25
82.25
82.25
82.25
82.25
82.25
82.25
82.25
82.25
82.25
82.25
82.25
101.2
101.2
101.2
101.2
101.2
101.2
101.2
101.2
101.2
101.2
101.2
101.2
101.2
101.2
101.2
101.2
101.2
101.2
101.2
101.2
120.2
120.2
120.2
120.2
120.2
120.2
120.2
120.2
120.2
120.2
120.2
120.2
120.2
120.2
120.2
120.2
120.2
120.2
120.2
120.2
141.2
141.2
141.2
141.2
141.2
141.2
141.2
141.2
141.2
141.2
141.2
141.2
141.2
141.2
141.2
141.2
141.2
141.2
141.2
141.2
161.1
161.1
161.1
161.1
161.1
161.1
161.1
161.1
161.1
161.1
161.1
161.1
161.1
161.1
161.1
161.1
161.1
161.1
161.1
161.1
181
181
181
181
181
181
181
181
181
181
181
181
181
181
181
181
181
181
181
181
200.8
200.8
200.8
200.8
200.8
200.8
200.8
200.8
200.8
200.8
200.8
200.8
200.8
200.8
200.8
200.8
200.8
200.8
200.8
200.8


AccumulativeOrdering
0
17.15
20.01
20.01
20.01
20.01
20.01
20.01
20.01
20.01
20.01
20.01
20.01
20.01
20.01
20.01
20.01
20.01
20.01
20.01
20.01
37.16
40.12
40.12
40.12
40.12
40.12
40.12
40.12
40.12
40.12
40.12
40.12
40.12
40.12
40.12
40.12
40.12
40.12
40.12
40.12
57.18
62
62
62
62
62
62
62
62
62
62
62
62
62
62
62
62
62
62
62
79.07
82.59
82.59
82.59
82.59
82.59
82.59
82.59
82.59
82.59
82.59
82.59
82.59
82.59
82.59
82.59
82.59
82.59
82.59
82.59
99.4
101.3
101.3
101.3
101.3
101.3
101.3
101.3
101.3
101.3
101.3
101.3
101.3
101.3
101.3
101.3
101.3
101.3
101.3
101.3
118.3
120.8
120.8
120.8
120.8
120.8
120.8
120.8
120.8
120.8
120.8
120.8
120.8
120.8
120.8
120.8
120.8
120.8
120.8
120.8
137.3
141.2
141.2
141.2
141.2
141.2
141.2
141.2
141.2
141.2
141.2
141.2
141.2
141.2
141.2
141.2
141.2
141.2
141.2
141.2
158.4
161.3
161.3
161.3
161.3
161.3
161.3
161.3
161.3
161.3
161.3
161.3
161.3
161.3
161.3
161.3
161.3
161.3
161.3
161.3
178.3
181.3
181.3
181.3
181.3
181.3
181.3
181.3
181.3
181.3
181.3
181.3
181.3
181.3
181.3
181.3
181.3
181.3
181.3
181.3
198.1
201.1
201.1
201.1
201.1
201.1
201.1
201.1
201.1
201.1
201.1
201.1
201.1
201.1
201.1
201.1
201.1
201.1
201.1
201.1


AccumulativeHolding Cost
0
0
9.207e-011
6.013e-010
2.349e-009
7.766e-009
1.691e-008
2.977e-008
5.009e-008
7.786e-008
1.131e-007
1.557e-007
2.059e-007
2.634e-007
3.285e-007
4.084e-007
5.032e-007
6.129e-007
7.525e-007
9.218e-007
1.151e-006
0.086
0.172
0.258
0.344
0.43
0.516
0.602
0.688
0.774
0.86
0.946
1.032
1.118
1.204
1.29
1.376
1.462
1.548
1.634
1.72
1.804
1.887
1.97
2.054
2.137
2.221
2.304
2.388
2.471
2.555
2.638
2.722
2.805
2.889
2.972
3.056
3.139
3.223
3.306
3.39
3.73
4.071
4.412
4.753
5.094
5.435
5.776
6.117
6.457
6.798
7.139
7.48
7.821
8.162
8.503
8.844
9.184
9.525
9.866
10.21
10.29
10.38
10.46
10.55
10.63
10.72
10.8
10.89
10.97
11.06
11.14
11.23
11.31
11.4
11.48
11.57
11.66
11.74
11.83
11.91
12.6
13.29
13.97
14.66
15.35
16.03
16.72
17.41
18.1
18.78
19.47
20.16
20.85
21.53
22.22
22.91
23.59
24.28
24.97
25.66
25.66
25.66
25.66
25.66
25.66
25.66
25.66
25.66
25.66
25.66
25.66
25.66
25.66
25.66
25.66
25.66
25.66
25.66
25.66
25.66
25.89
26.12
26.35
26.58
26.82
27.05
27.28
27.51
27.74
27.97
28.21
28.44
28.67
28.9
29.13
29.36
29.6
29.83
30.06
30.29
30.64
30.98
31.33
31.67
32.02
32.36
32.71
33.05
33.4
33.74
34.09
34.44
34.78
35.13
35.47
35.82
36.16
36.51
36.85
37.2
37.43
37.67
37.91
38.14
38.38
38.62
38.85
39.09
39.32
39.56
39.8
40.03
40.27
40.51
40.74
40.98
41.22
41.45
41.69
41.92


AccumulativeBacklogging Cost
0
5.72
5.72
5.72
5.72
5.72
5.72
5.72
5.72
5.72
5.72
5.72
5.72
5.72
5.72
5.72
5.72
5.72
5.72
5.72
5.72
11.64
11.64
11.64
11.64
11.64
11.64
11.64
11.64
11.64
11.64
11.64
11.64
11.64
11.64
11.64
11.64
11.64
11.64
11.64
11.64
21.29
21.29
21.29
21.29
21.29
21.29
21.29
21.29
21.29
21.29
21.29
21.29
21.29
21.29
21.29
21.29
21.29
21.29
21.29
21.29
28.33
28.33
28.33
28.33
28.33
28.33
28.33
28.33
28.33
28.33
28.33
28.33
28.33
28.33
28.33
28.33
28.33
28.33
28.33
28.33
32.09
32.09
32.09
32.09
32.09
32.09
32.09
32.09
32.09
32.09
32.09
32.09
32.09
32.09
32.09
32.09
32.09
32.09
32.09
32.09
37.09
37.09
37.09
37.09
37.09
37.09
37.09
37.09
37.09
37.09
37.09
37.09
37.09
37.09
37.09
37.09
37.09
37.09
37.09
37.09
44.9
44.9
44.9
44.9
44.9
44.9
44.9
44.9
44.9
44.9
44.9
44.9
44.9
44.9
44.9
44.9
44.9
44.9
44.9
44.9
50.85
50.85
50.85
50.85
50.85
50.85
50.85
50.85
50.85
50.85
50.85
50.85
50.85
50.85
50.85
50.85
50.85
50.85
50.85
50.85
57.01
57.01
57.01
57.01
57.01
57.01
57.01
57.01
57.01
57.01
57.01
57.01
57.01
57.01
57.01
57.01
57.01
57.01
57.01
57.01
62.89
62.89
62.89
62.89
62.89
62.89
62.89
62.89
62.89
62.89
62.89
62.89
62.89
62.89
62.89
62.89
62.89
62.89
62.89
62.89


