The time it takes to compute per each caseis 0.108 secs
The data is average of running the code 1 many times.
Planning Horizon is: 20
Leading Time is: 2
Discount Rate is: 1
Initial Inventory is: 0
This is a integer typed problem or not: 0
The Algorithm is: 3
The Distribution Type is: 3
The Distribution Parameters are:         10     2.236
Total Cost is: 807.6
Total Demand is: 205
Total Order is: 211
Total Holding Cost is: 40.03
Total Backlogging Cost is: 134.5

Period
0
1
2
3
4
5
6
7
8
9
10
11
12
13
14
15
16
17
18
19
20


InventoryPosition
0
22.43
18.56
20.87
18.13
16.35
18.3
20.84
24.82
18.38
20
18.07
20.41
24.4
21.21
19.84
20.93
24.5
25.3
15.43
6.036


NetInventory
0
-8.617
-21.28
-0.4308
-4.613
-6.82
-9.314
-6.613
1.785
1.317
0.5407
-5.691
-3.659
0.727
3.413
2.809
-0.2308
3.149
10.01
10.25
6.036


Cost
0
110.4
68.97
38.36
39.97
52.4
62.72
51.48
32.62
21.67
38.56
44.63
46.27
32.79
24.75
32.57
34.18
33.49
25.56
10.25
6.036


Demand
0
8.617
12.67
10.19
12.98
14.71
12.74
10.22
6.3
13.22
11.05
13.02
10.64
6.699
10.3
11.29
10.15
6.54
4.381
9.873
9.395


Ordering
0
31.04
8.801
12.5
10.25
12.92
14.7
12.75
10.28
6.785
12.67
11.08
12.98
10.69
7.113
9.92
11.24
10.11
5.186
0
0


HoldingCost
0
0
0
0
0
0
0
0
1.785
1.317
0.5407
0
0
0.727
3.413
2.809
0
3.149
10.01
10.25
6.036


BackloggingCost
0
17.23
42.57
0.8616
9.226
13.64
18.63
13.23
0
0
0
11.38
7.318
0
0
0
0.4616
0
0
0
0


AccumulativeCost
0
110.4
179.3
217.7
257.7
310.1
372.8
424.3
456.9
478.5
517.1
561.7
608
640.8
665.6
698.1
732.3
765.8
791.4
801.6
807.6


AccumulativeDemand
0
8.617
21.28
31.47
44.46
59.16
71.9
82.12
88.42
101.6
112.7
125.7
136.4
143.1
153.4
164.6
174.8
181.3
185.7
195.6
205


AccumulativeOrdering
0
31.04
39.84
52.34
62.59
75.51
90.21
103
113.2
120
132.7
143.8
156.8
167.5
174.6
184.5
195.7
205.8
211
211
211


AccumulativeHolding Cost
0
0
0
0
0
0
0
0
1.785
3.102
3.642
3.642
3.642
4.369
7.782
10.59
10.59
13.74
23.75
33.99
40.03


AccumulativeBacklogging Cost
0
17.23
59.8
60.66
69.89
83.53
102.2
115.4
115.4
115.4
115.4
126.8
134.1
134.1
134.1
134.1
134.5
134.5
134.5
134.5
134.5


