The time it takes to compute per each caseis 0.1833 secs
The data is average of running the code 20 many times.
Planning Horizon is: 30
Leading Time is: 5
Discount Rate is: 1
Initial Inventory is: 0
This is a integer typed problem or not: 0
The Algorithm is: 3
The Distribution Type is: 4
The Distribution Parameters are:          5     1.581        20
Total Cost is: 1.003e+004
Total Demand is: 2892
Total Order is: 2890
Total Holding Cost is: 211.3
Total Backlogging Cost is: 1147

Period
0
1
2
3
4
5
6
7
8
9
10
11
12
13
14
15
16
17
18
19
20
21
22
23
24
25
26
27
28
29
30


InventoryPosition
0
204.2
229.1
254.8
279.3
305.1
329.6
354.6
378.2
400
424.2
444.4
468
493
518.6
541.7
569.6
592.7
620.1
645.2
673.8
698.1
722.2
747.8
771.1
792.8
643.3
489.2
330.6
166.7
-2.524


NetInventory
0
24.99
55.09
90.12
130.3
175.4
14.96
11
13.72
12.19
13.28
13.71
15.91
14.64
12.7
13.23
14.17
14.74
14.75
15.12
13.1
9.597
9.542
10.02
9.785
8.666
8.879
8.465
11
11.58
13.94


Cost
0
737.4
275.4
362.1
454.6
563.7
244.1
253.4
266
271.7
292
293.6
321.7
338.9
353
363.3
395.6
399.1
428
438.6
461.8
457.3
473
491.8
502.2
509
12.03
12.05
15.59
17.03
22.17


Demand
0
24.99
30.1
35.03
40.18
45.08
50.02
54.7
59.11
63.84
67.99
72.78
77.78
82.83
87.6
93.04
97.79
103.2
108.3
113.9
118.8
123.6
128.7
133.6
139.4
144.4
149.5
154.1
158.7
163.9
169.2


Ordering
0
229.1
55.09
60.64
64.68
70.97
74.52
79.65
82.75
85.57
92.27
92.9
101.5
107.8
113.2
116.2
125.7
126.3
135.8
139
147.3
147.9
152.8
159.2
162.7
166
0
0
0
0
0


HoldingCost
0
0
0
0
0
0
9.355
7.57
9.697
9.347
11.38
12.46
14.5
13.83
11.84
11.72
9.741
9.152
8.892
8.704
6.41
5.682
4.438
5.801
5.492
6.424
5.732
4.883
6.41
6.117
5.709


BackloggingCost
0
49.98
110.2
180.2
260.6
350.8
11.21
6.859
8.053
5.691
3.802
2.483
2.811
1.633
1.72
3.025
8.854
11.18
11.72
12.83
13.38
7.829
10.21
8.443
8.587
4.485
6.296
7.164
9.18
10.92
16.46


AccumulativeCost
0
737.4
1013
1375
1830
2393
2637
2891
3157
3429
3721
4014
4336
4675
5028
5391
5787
6186
6614
7052
7514
7972
8445
8936
9439
9948
9960
9972
9987
1e+004
1.003e+004


AccumulativeDemand
0
24.99
55.09
90.12
130.3
175.4
225.4
280.1
339.2
403
471
543.8
621.6
704.4
792
885.1
982.9
1086
1194
1308
1427
1551
1679
1813
1952
2097
2246
2400
2559
2723
2892


AccumulativeOrdering
0
229.1
284.2
344.9
409.6
480.5
555
634.7
717.4
803
895.3
988.2
1090
1197
1311
1427
1552
1679
1815
1954
2101
2249
2402
2561
2724
2890
2890
2890
2890
2890
2890


AccumulativeHolding Cost
0
0
0
0
0
0
9.355
16.93
26.62
35.97
47.35
59.81
74.31
88.14
99.98
111.7
121.4
130.6
139.5
148.2
154.6
160.3
164.7
170.5
176
182.4
188.2
193
199.5
205.6
211.3


AccumulativeBacklogging Cost
0
49.98
160.2
340.4
601
951.7
962.9
969.8
977.9
983.5
987.3
989.8
992.6
994.3
996
999
1008
1019
1031
1044
1057
1065
1075
1083
1092
1097
1103
1110
1119
1130
1147


