The time it takes to compute per each caseis 0.2186 secs
The data is average of running the code 20 many times.
Planning Horizon is: 30
Leading Time is: 5
Discount Rate is: 1
Initial Inventory is: 20
This is a integer typed problem or not: 0
The Algorithm is: 3
The Distribution Type is: 4
The Distribution Parameters are:          5     1.581        20
Total Cost is: 9896
Total Demand is: 2931
Total Order is: 2909
Total Holding Cost is: 191.9
Total Backlogging Cost is: 976.7

Period
0
1
2
3
4
5
6
7
8
9
10
11
12
13
14
15
16
17
18
19
20
21
22
23
24
25
26
27
28
29
30


InventoryPosition
20
204.3
228.7
252.4
280.1
307.3
324.4
355.8
378
400.1
426.6
449.2
475.8
500.9
526.1
550.4
577.8
605.9
629.3
657.2
680.1
708.9
733.2
758.6
785.2
802.2
651.5
496.1
335.4
169.4
-1.707


NetInventory
20
4.853
34.59
69.82
110.2
154.5
11.58
9.386
9.43
11.46
13.12
10.99
12
14.15
13.92
15.21
13.66
10.69
12.17
12.54
11.75
14.55
14.19
14.24
15.04
10.21
9.921
10.37
10.02
11.48
14.2


Cost
0
637.2
231.6
316.5
424.7
523.4
217
270.2
256.9
273.1
301.3
306
331
346.5
362.7
378.2
403
414.8
419.7
448.6
449.8
485.5
485.9
506.2
525.2
505
13.08
13.87
12.88
14.09
22.15


Demand
0
24.85
29.74
35.22
40.4
44.24
50.21
54.69
59.23
64.41
69.06
74.32
79.35
84.38
89.35
94.83
100.3
105.1
110.6
115.3
120.9
125.8
130.9
136.2
141.3
146.2
150.6
155.5
160.7
166
171.1


Ordering
0
209.1
54.13
58.96
68.09
71.48
67.27
86.04
81.52
86.51
95.5
96.94
105.9
109.5
114.6
119.2
127.7
133.2
133.9
143.3
143.8
154.6
155.3
161.6
167.9
163.2
0
0
0
0
0


HoldingCost
0
0
0
0
0
0
8.031
6.652
6.536
9.391
11.43
6.839
10.69
10.34
8.797
9.781
7.321
6.23
6.443
6.256
4.993
7.316
8.273
7.162
8.559
4.933
6.76
6.87
7.17
8.856
6.245


BackloggingCost
0
9.705
69.19
139.6
220.4
308.9
7.107
5.467
5.787
4.144
3.381
8.299
2.617
7.633
10.24
10.85
12.67
8.91
11.46
12.56
13.52
14.47
11.84
14.15
12.96
10.54
6.323
7.003
5.706
5.239
15.91


AccumulativeCost
0
637.2
868.7
1185
1610
2133
2350
2621
2877
3150
3452
3758
4089
4435
4798
5176
5579
5994
6414
6862
7312
7798
8283
8790
9315
9820
9833
9847
9860
9874
9896


AccumulativeDemand
0
24.85
54.59
89.82
130.2
174.5
224.7
279.4
338.6
403
472.1
546.4
625.7
710.1
799.5
894.3
994.6
1100
1210
1326
1447
1572
1703
1839
1981
2127
2278
2433
2594
2760
2931


AccumulativeOrdering
0
209.1
263.3
322.2
390.3
461.8
529.1
615.1
696.6
783.1
878.7
975.6
1081
1191
1306
1425
1552
1686
1820
1963
2107
2261
2416
2578
2746
2909
2909
2909
2909
2909
2909


AccumulativeHolding Cost
0
0
0
0
0
0
8.031
14.68
21.22
30.61
42.04
48.88
59.57
69.91
78.7
88.48
95.8
102
108.5
114.7
119.7
127
135.3
142.5
151
156
162.7
169.6
176.8
185.6
191.9


AccumulativeBacklogging Cost
0
9.705
78.89
218.5
439
747.9
755
760.5
766.2
770.4
773.8
782.1
784.7
792.3
802.6
813.4
826.1
835
846.4
859
872.5
887
898.8
913
926
936.5
942.8
949.8
955.5
960.8
976.7


