The time it takes to compute per each caseis 0.2212 secs
The data is average of running the code 20 many times.
Planning Horizon is: 30
Leading Time is: 5
Discount Rate is: 1
Initial Inventory is: 40
This is a integer typed problem or not: 0
The Algorithm is: 3
The Distribution Type is: 4
The Distribution Parameters are:          5     1.581        20
Total Cost is: 9585
Total Demand is: 2894
Total Order is: 2852
Total Holding Cost is: 246.6
Total Backlogging Cost is: 782.5

Period
0
1
2
3
4
5
6
7
8
9
10
11
12
13
14
15
16
17
18
19
20
21
22
23
24
25
26
27
28
29
30


InventoryPosition
40
204.3
228.6
254.6
276.3
297.9
323.3
350
376
400.2
428.9
449.4
475.7
495.3
522.7
548.2
574
597.8
622.8
650.3
676.7
700
724
748.9
772
790.4
642.2
488.9
330.6
167.2
-1.428


NetInventory
40
15.12
14.83
49.14
87.91
131.8
15.21
14.91
14.9
12.22
11.9
11.48
11.54
13.12
15.78
16.75
12.95
12.22
10.09
11.89
14.21
15.34
14.35
12.81
13.37
14.94
13.8
15.49
15.11
12.7
12.02


Cost
0
582.6
192.5
279.2
357
460.3
242.5
261.5
273.8
282.9
310.7
300.1
329
326.8
369.1
378.6
390.2
397.9
417.6
442.5
456.4
463
479.2
493.2
503.1
504.2
17.22
19.99
19.33
16.38
18.74


Demand
0
24.88
29.96
34.3
38.77
43.89
49.2
54.36
59.31
64.8
69.06
74.14
78.31
83.72
88.83
93.94
98.75
103.8
109.3
114.4
119.1
124
128.9
133.6
138.8
143.5
148.2
153.4
158.3
163.3
168.7


Ordering
0
189.1
54.29
60.32
60.39
65.55
74.59
81.07
85.33
88.96
97.8
94.56
104.6
103.4
116.2
119.5
124.6
127.6
134.3
142
145.5
147.2
152.9
158.5
162
161.9
0
0
0
0
0


HoldingCost
0
15.12
0
0
0
0
11.68
11.49
12
8.453
6.543
6.557
7.969
9.564
10.96
13.38
9.382
9.421
5.406
7.171
8.502
9.378
8.244
7.8
9.635
11.42
10.37
10.99
10.89
9.019
5.295


BackloggingCost
0
0
29.67
98.28
175.8
263.6
7.06
6.825
5.802
7.537
10.72
9.839
7.142
7.113
9.646
6.749
7.142
5.594
9.372
9.447
11.41
11.93
12.2
10.02
7.474
7.044
6.846
8.998
8.432
7.356
13.45


AccumulativeCost
0
582.6
775.1
1054
1411
1872
2114
2376
2649
2932
3243
3543
3872
4199
4568
4946
5337
5735
6152
6595
7051
7514
7993
8487
8990
9494
9511
9531
9550
9567
9585


AccumulativeDemand
0
24.88
54.83
89.14
127.9
171.8
221
275.4
334.7
399.5
468.5
542.7
621
704.7
793.5
887.5
986.2
1090
1199
1314
1433
1557
1686
1819
1958
2102
2250
2403
2562
2725
2894


AccumulativeOrdering
0
189.1
243.4
303.8
364.2
429.7
504.3
585.4
670.7
759.7
857.5
952
1057
1160
1276
1396
1520
1648
1782
1924
2070
2217
2370
2528
2690
2852
2852
2852
2852
2852
2852


AccumulativeHolding Cost
0
15.12
15.12
15.12
15.12
15.12
26.8
38.3
50.29
58.74
65.29
71.84
79.81
89.38
100.3
113.7
123.1
132.5
137.9
145.1
153.6
163
171.2
179
188.6
200.1
210.4
221.4
232.3
241.3
246.6


AccumulativeBacklogging Cost
0
0
29.67
127.9
303.8
567.3
574.4
581.2
587
594.6
605.3
615.1
622.3
629.4
639
645.8
652.9
658.5
667.9
677.3
688.8
700.7
712.9
722.9
730.4
737.4
744.3
753.3
761.7
769.1
782.5


