The time it takes to compute per each caseis 0.2199 secs
The data is average of running the code 20 many times.
Planning Horizon is: 30
Leading Time is: 5
Discount Rate is: 1
Initial Inventory is: 60
This is a integer typed problem or not: 0
The Algorithm is: 3
The Distribution Type is: 4
The Distribution Parameters are:          5     1.581        20
Total Cost is: 9455
Total Demand is: 2910
Total Order is: 2846
Total Holding Cost is: 265
Total Backlogging Cost is: 651.4

Period
0
1
2
3
4
5
6
7
8
9
10
11
12
13
14
15
16
17
18
19
20
21
22
23
24
25
26
27
28
29
30


InventoryPosition
60
204.1
229.3
253.6
280.3
307.4
332.1
357.9
380.7
407.7
431.9
454.1
473.2
500.4
521.2
547.2
572.3
598.6
621.9
649.5
676
698.4
726.3
750.8
774.8
792.9
644.2
490.5
330.9
165.9
-4.372


NetInventory
60
34.99
5.31
30.25
70.89
116.5
12.49
11.27
9.695
9.405
13.2
15.09
14.23
13.2
15.86
15.85
14.12
12.38
11.38
10.43
11.15
10.89
15.96
18.86
15.71
12.74
14.25
12.6
12.58
13.22
16.19


Cost
0
542.4
170.9
239.1
343.8
451.1
244
259.7
264.5
290
299.1
307.1
311.4
347.3
345.6
376
387.8
405.9
411
440.5
451.9
455.8
494.4
503.9
511.8
503.3
19.96
15.69
16.13
17.95
26.47


Demand
0
25.01
29.95
35.29
40.64
45.6
50.69
55.37
60.66
65.42
69.79
73.85
79.12
83.44
88.61
93.66
98.84
103.6
109.1
114.3
118.9
124.4
129.3
134.2
139.4
144.1
148.7
153.6
159.6
165
170.3


Ordering
0
169.1
55.15
59.54
67.33
72.71
75.4
81.21
83.43
92.4
94.01
96.01
98.21
110.7
109.4
119.6
123.9
129.9
132.4
141.9
145.5
146.8
157.2
158.7
163.3
162.2
0
0
0
0
0


HoldingCost
0
34.99
5.174
0
0
0
7.226
6.507
5.163
5.974
9.329
11.05
11.66
11.14
14.37
14.54
12.26
8.682
8.981
6.062
6.752
6.387
9.231
9.808
9.511
8.721
8.535
9.504
9.027
8.485
5.91


BackloggingCost
0
0
0.2712
60.51
141.8
233
10.53
9.523
9.064
6.863
7.746
8.082
5.125
4.104
2.977
2.614
3.72
7.399
4.797
8.743
8.8
9.009
13.45
18.1
12.4
8.042
11.42
6.187
7.104
9.461
20.56


AccumulativeCost
0
542.4
713.3
952.5
1296
1747
1991
2251
2516
2806
3105
3412
3723
4071
4416
4792
5180
5586
5997
6437
6889
7345
7839
8343
8855
9358
9378
9394
9410
9428
9455


AccumulativeDemand
0
25.01
54.96
90.25
130.9
176.5
227.2
282.6
343.2
408.6
478.4
552.3
631.4
714.8
803.5
897.1
995.9
1100
1209
1323
1442
1566
1696
1830
1969
2113
2262
2416
2575
2740
2910


AccumulativeOrdering
0
169.1
224.3
283.8
351.2
423.9
499.3
580.5
663.9
756.3
850.3
946.4
1045
1155
1265
1384
1508
1638
1771
1912
2058
2205
2362
2521
2684
2846
2846
2846
2846
2846
2846


AccumulativeHolding Cost
0
34.99
40.16
40.16
40.16
40.16
47.39
53.89
59.06
65.03
74.36
85.4
97.07
108.2
122.6
137.1
149.4
158.1
167
173.1
179.9
186.2
195.5
205.3
214.8
223.5
232.1
241.6
250.6
259.1
265


AccumulativeBacklogging Cost
0
0
0.2712
60.78
202.6
435.6
446.1
455.6
464.7
471.5
479.3
487.4
492.5
496.6
499.6
502.2
505.9
513.3
518.1
526.8
535.6
544.7
558.1
576.2
588.6
596.6
608.1
614.3
621.4
630.8
651.4


